2 3353
3 2864
4 2933
5 2794
6 2864
7 3282
8 3841
9 3771
10 3352
11 3841
12 4260
13 4819
14 5168
15 5797
16 6076
17 6285
18 6216
19 7682
20 7543
21 7753
22 7961
23 8660
24 8591
25 9498
26 9988
27 9638
28 9917
29 10476
30 11454
31 11523
32 11873
33 12293
34 12851
35 12292
36 13898
37 14877
38 15784
39 15854
40 16203
41 16972
42 17530
43 17111
44 17531
45 18369
46 18997
47 19067
48 20114
49 20883
50 21092
51 22419
52 22838
53 23536
54 23746
55 25352
56 25283
57 27936
58 27168
59 28076
60 44838
61 31010
62 30032
63 31010
64 31708
65 32826
66 33873
67 34222
68 35269
69 37296
70 47352
71 40438
72 40438
73 43232
74 40997
75 41137
76 41625
77 44349
78 44768
79 44489
80 43791
81 44768
82 44629
83 46654
84 47701
85 49028
86 49727
87 49937
88 51403
89 54336
90 51752
91 53358
92 53918
93 55524
94 54895
95 57200
96 56641
97 58736
98 58457
99 61391
100 59435
101 61950
102 60831
103 60622
104 60832
105 62438
106 61600
107 63625
108 62927
109 65302
110 65791
111 67048
112 66838
113 68095
114 65790
115 65860
116 66908
117 74311
118 69283
119 71028
120 69911
121 71518
122 71587
123 73613
124 74591
125 75429
126 76476
127 77315
128 78082
129 80527
130 78781
131 80177
132 79270
133 134794
134 81575
135 82972
136 83461
137 84997
138 83461
139 85416
140 85486
141 87790
142 87931
143 91073
144 91492
145 92609
146 92539
147 91981
148 94285
149 96870
150 97289
151 100501
152 101060
153 103155
154 103016
155 102387
156 103575
157 102946
158 104692
159 106647
160 107276
161 108324
162 107207
163 106858
164 108604
165 110349
166 109511
167 112584
168 111746
169 113492
170 112793
171 112305
172 115518
173 117542
174 112444
175 75918
176 74381
177 74521
178 72426
179 74031
180 116425
181 75638
182 75848
183 78571
184 78432
185 77175
186 78850
187 81854
188 155466
189 81994
190 81924
191 82413
192 81435
193 84229
194 81924
195 83670
196 105879
197 84858
198 88210
199 86324
200 82902
201 86743
202 86743
203 86743
204 86323
205 87162
206 84927
207 86883
208 89187
209 87720
210 88000
211 89257
212 89327
213 89746
214 90933
215 92959
216 91702
217 92051
218 91212
219 94426
220 91632
221 93448
222 93447
223 95962
224 96171
225 97708
226 96311
227 102387
228 99733
229 98686
230 97708
231 102667
232 102876
233 103505
234 104693
235 106438
236 107276
237 108604
238 108673
239 108394
240 107206
241 106438
242 104832
243 104552
244 104343
245 104622
246 105321
247 107207
248 106508
249 108184
250 107346
251 110210
252 110070
253 112515
254 114610
255 118312
256 112375
257 114749
258 112165
259 114610
260 114400
261 115657
262 115028
263 121245
264 118731
265 119150
266 119638
267 122082
268 121244
269 124038
270 121733
271 127391
272 128787
273 140032
274 126901
275 129765
276 129136
277 131023
278 127600
279 132558
280 136750
281 136050
282 134095
283 135422
284 135771
285 138775
286 136749
287 137028
288 136260
289 139403
290 138704
291 139892
292 139263
293 141289
294 139123
295 139403
296 186895
297 117124
298 114888
299 115937
300 116285
301 118242
302 116565
303 163428
304 120476
305 124317
306 127320
307 127460
308 86743
309 87372
310 87022
311 87372
312 88140
313 87790
314 86743
315 88489
316 89606
317 90933
318 91562
319 130394
320 92051
321 94076
322 93448
323 94914
324 94705
325 95752
326 169295
327 179282
328 98267
329 101759
330 99734
331 101689
332 101549
333 102387
334 101968
335 103435
336 103085
337 105810
338 104552
339 106229
340 105949
341 106228
342 105041
343 108324
344 106020
345 106927
346 105809
347 106507
348 106858
349 107276
350 107626
351 109930
352 109231
353 110209
354 109371
355 111187
356 183612
357 188222
358 109790
359 111117
360 108953
361 109651
362 108673
363 111676
364 109301
365 111886
366 111397
367 110768
368 110908
369 112864
370 111397
371 113631
372 113842
373 114888
374 115238
375 115797
376 115168
377 116635
378 117264
379 120267
380 120616
381 121384
382 122083
383 124108
384 200584
385 207079
386 122781
387 204844
388 182006
389 178794
390 170692
391 124527
392 123898
393 126203
394 123968
395 233898
396 179213
397 128020
398 126413
399 130813
400 215949
401 201911
402 173835
403 192203
404 205683
405 214692
406 129276
407 192413
408 226076
409 132070
410 130394
411 133397
412 133397
413 133188
414 132000
415 136400
416 135283
417 138007
418 136959
419 138704
420 137448
421 137867
422 137168
423 139124
424 135981
425 137168
426 149181
427 233409
428 138705
429 139752
430 138215
431 140661
432 139124
433 142546
434 141149
435 143663
436 143873
437 143314
438 142476
439 147156
440 144781
441 148692
442 147575
443 149251
444 149530
445 150927
446 148412
447 149251
448 148134
449 219930
450 229359
451 149530
452 149669
453 150089
454 150438
455 154559
456 152603
457 153301
458 153022
459 154489
460 154908
461 155956
462 155396
463 156514
464 157423
465 160285
466 158470
467 162521
468 161124
469 162660
470 166502
471 259460
472 158330
473 160705
474 159378
475 162241
476 163219
477 164336
478 163987
479 165873
480 164616
481 167061
482 167340
483 169924
484 169993
485 171739
486 170063
487 174603
488 172298
489 176209
490 173625
491 402146
492 259041
493 248007
494 249193
495 295219
496 259390
497 260717
498 247727
499 253594
500 253105
501 988324
502 254781
503 258063
504 253105
505 257645
506 252407
507 256667
508 255759
509 260298
510 260368
511 262464
512 260158
513 266304
514 302134
515 270705
516 263302
517 268819
518 267073
519 271334
520 269657
521 275873
522 271403
523 271473
524 268400
525 272940
526 1284241
527 324553
528 321130
529 323644
530 317708
531 325670
532 321969
533 325251
534 322457
535 362616
536 324971
537 330838
538 330349
539 339988
540 337822
541 340267
542 340127
543 346343
544 339708
545 398235
546 292565
547 295219
548 294241
549 293473
550 292844
551 279156
552 209035
553 212177
554 208337
555 210501
556 210781
557 212387
558 211759
559 296616
560 307860
561 304508
562 266095
563 212527
564 211689
565 212807
566 211479
567 214832
568 211759
569 212807
570 206520
571 213155
572 212457
573 214553
574 341734
575 315403
576 306603
577 306743
578 301365
579 304228
580 214902
581 215042
582 296546
583 316869
584 303669
585 217556
586 214762
587 358146
588 317638
589 308209
590 319175
591 322457
592 310165
593 276781
594 320362
595 314915
596 315124
597 309676
598 398025
599 327276
600 322946
601 226774
602 225867
603 229568
604 228451
605 230406
606 229499
607 229219
608 228102
609 230057
610 231245
611 234736
612 345015
613 345714
614 335238
615 327486
616 323016
617 235854
618 237530
619 241093
620 241301
621 242280
622 243746
623 247168
624 244026
625 365340
626 361429
627 395372
628 371346
629 364292
630 253873
631 251498
632 253454
633 254502
634 405009
635 391531
636 306323
637 261067
638 260089
639 260787
640 261136
641 260927
642 256247
643 260787
644 261975
645 262813
646 262882
647 266165
648 265047
649 272381
650 258134
651 259670
652 256946
653 257854
654 257155
655 261207
656 256667
657 256248
658 258203
659 260368
660 340476
661 381124
662 367435
663 380985
664 258133
665 263301
666 258482
667 264978
668 261626
669 264280
670 261975
671 262883
672 260648
673 263930
674 265187
675 262394
676 261835
677 261346
678 260438
679 264559
680 263790
681 263791
682 260368
683 265397
684 263372
685 266096
686 264349
687 351930
688 388248
689 373441
690 261905
691 267632
692 267562
693 267282
694 267283
695 268051
696 267003
697 269588
698 267353
699 268260
700 274267
701 266305
702 268959
703 267632
704 265257
705 268400
706 267003
707 271683
708 269447
709 269028
710 268749
711 271264
712 269727
713 280204
714 268959
715 273918
716 272800
717 272450
718 271823
719 274266
720 272242
721 273219
722 271403
723 278038
724 378819
725 410178
726 395162
727 361219
728 278946
729 280343
730 280762
731 285302
732 284534
733 284883
734 283416
735 284813
736 283835
737 294241
738 284813
739 423377
740 426730
741 287467
742 286000
743 289841
744 288025
745 289562
746 287956
747 290609
748 297035
749 289562
750 289143
751 293403
752 291727
753 292775
754 296127
755 301993
756 301156
757 302064
758 297524
759 301156
760 306534
761 302832
762 301016
763 306813
764 304508
765 302343
766 306394
767 309537
768 309327
769 309536
770 309816
771 314076
772 318266
773 312400
774 311701
775 315752
776 313866
777 317778
778 309048
779 462559
780 440769
781 373441
782 442654
783 460604
784 452293
785 456483
786 367854
787 326229
788 325251
789 324273
790 322457
791 335308
792 321619
793 323994
794 327277
795 328813
796 325950
797 325320
798 327276
799 330419
800 328743
801 332584
802 332095
803 328254
804 328045
805 325810
806 324902
807 326089
808 327835
809 329092
810 324273
811 329162
812 324832
813 334959
814 329512
815 330559
816 328603
817 488749
818 472546
819 469892
820 471708
821 470171
822 488051
823 480717
824 469613
825 477784
826 466051
827 477296
828 472197
829 497479
830 474711
831 396070
832 336216
833 342083
834 334819
835 336844
836 336775
837 332096
838 332166
839 418140
840 492521
841 458438
842 341524
843 343480
844 341873
845 342572
846 341454
847 340895
848 338311
849 496292
850 494685
851 343689
852 342362
853 455715
854 493708
855 485327
856 487911
857 492241
858 502648
859 343060
860 344736
861 343898
862 343968
863 527511
864 474013
865 349696
866 580032
867 487771
868 521365
869 344876
870 348019
871 349486
872 350603
873 354374
874 353467
875 520876
876 427149
877 355283
878 511727
879 630877
880 603988
881 663842
882 506210
883 414438
884 360032
885 359403
886 359543
887 365410
888 512845
889 517873
890 519689
891 513403
892 533727
893 536242
894 370508
895 373511
896 508165
897 525905
898 373511
899 375187
900 376584
901 375677
902 376864
903 378261
904 381054
905 383359
906 378331
907 389993
908 382032
909 382800
910 382940
911 383289
912 377772
913 384266
914 375466
915 377282
916 385245
917 381124
918 380216
919 382101
920 379727
921 385105
922 381822
923 388457
924 388737
925 390343
926 397955
927 392228
928 391111
929 396419
930 394952
931 391250
932 393974
933 393485
934 394324
935 593930
936 447473
937 395790
938 391251
939 395861
940 391879
941 396419
942 398095
943 395162
944 400609
945 395023
946 391600
947 392089
948 393416
949 393556
950 394114
951 391111
952 391530
953 400260
954 389574
955 393975
956 393486
957 395511
958 400190
959 402286
960 397467
961 399073
962 401936
963 396978
964 396349
965 399143
966 400260
967 402216
968 400330
969 405429
970 403962
971 542946
972 579962
973 569067
974 478832
975 410666
976 410527
977 413320
978 507187
979 593231
980 483371
981 413111
982 627314
983 582267
984 418279
985 420095
986 641422
987 458159
988 420864
989 423727
990 425403
991 423168
992 422121
993 423029
994 618933
995 478762
996 423517
997 420514
998 422958
999 503067
1000 594000
1001 533378
1002 552096
1003 529537
1004 544553
1005 432527
1006 433365
1007 434622
1008 436717
1009 676902
1010 436299
1011 438185
1012 446635
1013 441886
1014 446565
1015 443213
1016 449289
1017 629549
1018 444330
1019 447124
1020 445587
1021 446146
1022 454807
1023 458508
1024 577727
1025 559708
1026 458019
1027 460673
1028 459416
1029 454177
1030 457391
1031 454178
1032 683677
1033 460673
1034 461232
1035 650432
1036 462978
1037 465911
1038 472127
1039 584432
1040 589042
1041 470730
1042 470311
1043 474711
1044 472407
1045 473174
1046 647498
1047 674387
1048 673968
1049 686470
1050 676273
1051 598191
1052 667403
1053 492520
1054 489797
1055 491962
1056 490426
1057 493918
1058 486724
1059 699251
1060 485746
1061 481695
1062 488610
1063 722508
1064 492032
1065 503626
1066 685701
1067 541550
1068 498946
1069 493638
1070 498666
1071 495105
1072 502788
1073 498178
1074 494826
1075 499504
1076 500902
1077 501810
1078 501530
1079 497480
1080 501041
1081 563270
1082 676204
1083 509772
1084 511239
1085 513823
1086 517664
1087 509771
1088 513892
1089 514311
1090 516965
1091 516965
1092 678648
1093 520806
1094 514101
1095 515149
1096 513403
1097 516266
1098 517943
1099 513124
1100 518082
1101 513543
1102 513822
1103 517105
1104 517873
1105 518711
1106 517384
1107 526533
1108 521435
1109 523670
1110 523740
1111 532260
1112 530654
1113 532121
1114 530305
1115 694153
1116 529746
1117 533587
1118 530095
1119 533168
1120 527232
1121 753588
1122 533936
1123 532260
1124 681162
1125 741854
1126 573676
1127 744159
1128 528420
1129 530515
1130 530515
1131 531911
1132 528209
1133 531073
1134 688915
1135 536101
1136 532470
1137 530584
1138 531492
1139 744368
1140 687867
1141 534635
1142 539035
1143 538197
1144 538197
1145 541270
1146 548394
1147 741993
1148 540013
1149 543016
1150 545740
1151 540851
1152 538965
1153 543644
1154 544343
1155 546857
1156 542667
1157 542946
1158 544972
1159 553702
1160 545181
1161 549581
1162 549930
1163 554540
1164 552724
1165 556844
1166 580032
1167 560756
1168 557613
1169 775657
1170 907448
1171 568438
1172 796680
1173 708610
1174 667683
1175 755054
1176 563829
1177 793885
1178 566413
1179 565854
1180 567181
1181 572559
1182 581499
1183 588832
1184 579543
1185 583524
1186 577168
1187 581289
1188 580241
1189 584781
1190 582686
1191 718387
1192 720972
1193 598191
1194 596444
1195 605244
1196 594000
1197 599099
1198 720692
1199 655321
1200 593232
1201 609575
1202 722788
1203 660070
1204 594628
1205 592045
1206 594280
1207 606641
1208 596235
1209 605594
1210 600705
1211 603498
1212 604406
1213 680114
1214 737175
1215 674737
1216 865613
1217 608876
1218 604337
1219 612927
1220 601543
1221 604965
1222 644355
1223 751143
1224 613835
1225 607968
1226 605454
1227 605873
1228 600426
1229 605384
1230 610692
1231 613975
1232 606152
1233 606711
1234 608318
1235 605664
1236 607339
1237 619562
1238 606781
1239 613067
1240 610204
1241 655460
1242 610413
1243 682629
1244 740318
1245 613975
1246 613765
1247 740108
1248 620540
1249 623752
1250 622146
1251 625149
1252 622985
1253 625149
1254 767835
1255 818191
1256 826082
1257 640095
1258 635346
1259 759315
1260 639746
1261 641283
1262 639467
1263 641562
1264 639886
1265 656717
1266 643867
1267 645752
1268 652388
1269 648336
1270 782991
1271 923860
1272 650572
1273 651829
1274 645194
1275 654343
1276 653575
1277 650851
1278 651270
1279 660978
1280 655530
1281 669079
1282 655740
1283 652806
1284 657486
1285 653365
1286 793187
1287 707143
1288 648197
1289 655740
1290 655531
1291 663841
1292 670127
1293 830622
1294 667264
1295 665238
1296 667683
1297 911289
1298 706584
1299 940832
1300 669568
1301 671244
1302 757988
1303 747861
1304 676343
1305 685981
1306 670825
1307 685283
1308 894178
1309 872038
1310 682140
1311 690242
1312 691778
1313 792908
1314 852762
1315 683955
1316 681581
1317 743251
1318 782782
1319 929797
1320 963042
1321 1006203
1322 814070
1323 890406
1324 695131
1325 695898
1326 806667
1327 758057
1328 693384
1329 706096
1330 693454
1331 707702
1332 697714
1333 699740
1334 870083
1335 702045
1336 696038
1337 707143
1338 882724
1339 710146
1340 705467
1341 709797
1342 852762
1343 713010
1344 711263
1345 727607
1346 731168
1347 722718
1348 722648
1349 720693
1350 724115
1351 890965
1352 715524
1353 718387
1354 707911
1355 888521
1356 716152
1357 718876
1358 713917
1359 711962
1360 709447
1361 719854
1362 719226
1363 720343
1364 713428
1365 715315
1366 714826
1367 721810
1368 712870
1369 722020
1370 719924
1371 723556
1372 727816
1373 723207
1374 720273
1375 728095
1376 887124
1377 950190
1378 721740
1379 724114
1380 724603
1381 725511
1382 734032
1383 730959
1384 726350
1385 737454
1386 729143
1387 738781
1388 924489
1389 950190
1390 730750
1391 745765
1392 731169
1393 730679
1394 727816
1395 735918
1396 853740
1397 729213
1398 730889
1399 731866
1400 728654
1401 731657
1402 721111
1403 732006
1404 734800
1405 926794
1406 746044
1407 887682
1408 1082750
1409 920020
1410 740108
1411 741295
1412 737384
1413 741924
1414 737873
1415 754077
1416 915689
1417 750445
1418 745905
1419 748279
1420 890196
1421 746464
1422 751282
1423 758546
1424 746184
1425 765461
1426 750235
1427 755752
1428 755683
1429 756591
1430 765112
1431 766927
1432 759384
1433 762877
1434 760712
1435 777683
1436 931542
1437 767416
1438 909194
1439 922185
1440 910171
1441 1112362
1442 1099790
1443 1123746
1444 1102444
1445 1236331
1446 1176965
1447 1172356
1448 1188699
1449 1223759
1450 1120464
1451 1119347
1452 1148889
1453 1129543
1454 1127587
1455 1123746
1456 965346
1457 794375
1458 791930
1459 797238
1460 975613
1461 794794
1462 800800
1463 803943
1464 1027505
1465 1091480
1466 801708
1467 990698
1468 876927
1469 1066197
1470 1150286
1471 1304844
1472 946000
1473 855416
1474 1124096
1475 821962
1476 1002851
1477 808832
1478 1013676
1479 814210
1480 996635
1481 1002223
1482 1208254
1483 1197220
1484 1193099
1485 1160622
1486 1047409
1487 870432
1488 1114736
1489 1123328
1490 1012629
1491 827759
1492 835581
1493 1063543
1494 1107822
1495 1028063
1496 836838
1497 842775
1498 1067524
1499 840540
1500 841797
1501 842635
1502 1024152
1503 851366
1504 843753
1505 848153
1506 927562
1507 914990
1508 848571
1509 846266
1510 856812
1511 1033232
1512 859956
1513 1174800
1514 1150146
1515 1028483
1516 860794
1517 859956
1518 1150007
1519 988813
1520 983924
1521 864844
1522 1043568
1523 1046431
1524 858489
1525 855625
1526 1102025
1527 1022616
1528 845569
1529 853390
1530 1038261
1531 1032883
1532 859537
1533 861422
1534 867149
1535 859885
1536 851016
1537 857581
1538 860165
1539 854648
1540 860375
1541 858978
1542 861632
1543 873226
1544 859258
1545 866521
1546 865752
1547 875251
1548 875461
1549 1041334
1550 871131
1551 873854
1552 865333
1553 1043568
1554 862959
1555 1046781
1556 1005016
1557 972959
1558 873645
1559 885448
1560 875950
1561 885937
1562 883003
1563 895435
1564 888590
1565 876089
1566 1044895
1567 886146
1568 955568
1569 1397873
1570 884540
1571 900464
1572 894736
1573 894318
1574 886146
1575 906749
1576 899066
1577 901442
1578 1096229
1579 904305
1580 889638
1581 895924
1582 984133
1583 963391
1584 896064
1585 908076
1586 897950
1587 1013466
1588 949422
1589 1218521
1590 1269296
1591 916108
1592 901931
1593 909822
1594 913733
1595 923232
1596 912895
1597 911359
1598 920159
1599 1088616
1600 1115855
1601 928191
1602 1044127
1603 1310572
1604 1292552
1605 919600
1606 1108032
1607 922394
1608 917645
1609 930635
1610 919809
1611 923372
1612 1057118
1613 1227530
1614 1002432
1615 920369
1616 917086
1617 926305
1618 914990
1619 918203
1620 920578
1621 921207
1622 912616
1623 915689
1624 916038
1625 924769
1626 921206
1627 921486
1628 981270
1629 1170819
1630 1093645
1631 926934
1632 928679
1633 940273
1634 845917
1635 843123
1636 853461
1637 1126610
1638 850807
1639 843334
1640 851924
1641 1018076
1642 869385
1643 859676
1644 864984
1645 867918
1646 863936
1647 1223480
1648 868826
1649 972191
1650 899905
1651 1037562
1652 860794
1653 866939
1654 863937
1655 862959
1656 865124
1657 867638
1658 1140997
1659 877206
1660 878185
1661 878324
1662 890966
1663 954102
1664 1188140
1665 894527
1666 903187
1667 896762
1668 895086
1669 895574
1670 916877
1671 901511
1672 910521
1673 899556
1674 923232
1675 899765
1676 901371
1677 909822
1678 908006
1679 897321
1680 896413
1681 1063962
1682 909752
1683 897041
1684 895156
1685 884120
1686 1072832
1687 898718
1688 888102
1689 889987
1690 1076533
1691 883632
1692 1091829
1693 887334
1694 895296
1695 886426
1696 895645
1697 883004
1698 1062286
1699 886635
1700 1155244
1701 883841
1702 1075207
1703 887333
1704 897181
1705 984483
1706 1158248
1707 901301
1708 903955
1709 899904
1710 1092737
1711 913384
1712 918622
1713 911638
1714 1107124
1715 924349
1716 920787
1717 969327
1718 1115575
1719 1181923
1720 925886
1721 1097625
1722 931962
1723 927771
1724 925956
1725 1101118
1726 932241
1727 926515
1728 938178
1729 1100070
1730 1119137
1731 943277
1732 1015003
1733 1043010
1734 959479
1735 950959
1736 1150565
1737 947955
1738 952077
1739 951378
1740 1132407
1741 945022
1742 953683
1743 946419
1744 965346
1745 995937
1746 1062844
1747 954870
1748 962343
1749 1048178
1750 962064
1751 961504
1752 962553
1753 945232
1754 948654
1755 954101
1756 950610
1757 946280
1758 953264
1759 951308
1760 960038
1761 950121
1762 1109708
1763 968769
1764 972470
1765 962342
1766 977429
1767 1131080
1768 982108
1769 978337
1770 987416
1771 997333
1772 991188
1773 978896
1774 997683
1775 986439
1776 987346
1777 1115225
1778 1005645
1779 998521
1780 995658
1781 990000
1782 995657
1783 992654
1784 993632
1785 995657
1786 1022685
1787 1008927
1788 1010185
1789 1090991
1790 1056210
1791 1190794
1792 1016540
1793 1439499
1794 1021359
1795 1013886
1796 1172565
1797 1015213
1798 1027924
1799 1016470
1800 1024991
1801 1020731
1802 1020242
1803 1029530
1804 1027994
1805 1025409
1806 1025060
1807 1100140
1808 1212794
1809 1013187
1810 1023733
1811 1201969
1812 1027994
1813 1009696
1814 1175708
1815 1008368
1816 1027086
1817 1002082
1818 1008647
1819 1011232
1820 1011441
1821 1012209
1822 1141905
1823 1005714
1824 1004667
1825 1011092
1826 1015701
1827 1018565
1828 1024362
1829 1018146
1830 1018077
1831 1021778
1832 1038889
1833 1021847
1834 1026666
1835 1026527
1836 1036864
1837 1028972
1838 1106984
1839 1032045
1840 1035118
1841 1094483
1842 1089943
1843 1176476
1844 1573035
1845 1043918
1846 1054743
1847 1029112
1848 1037493
1849 1026108
1850 1041822
1851 1026388
1852 1171727
1853 1033511
1854 1029321
1855 1094134
1856 1211955
1857 1037981
1858 1045524
1859 1041613
1860 1054463
1861 1042521
1862 1046082
1863 1042101
1864 1060959
1865 1039727
1866 1049645
1867 1184509
1868 1046083
1869 1041892
1870 1048248
1871 1051530
1872 1058375
1873 1033232
1874 1040286
1875 1040845
1876 1041054
1877 1041403
1878 1053626
1879 1041404
1880 1041334
1881 1104191
1882 1517791
1883 1151823
1884 1057467
1885 1065498
1886 1061029
1887 1054115
1888 1070457
1889 1056699
1890 1070667
1891 1070527
1892 1077442
1893 1066895
1894 1079467
1895 1075486
1896 1219429
1897 1222711
1898 1076044
1899 1128076
1900 1240730
1901 1068782
1902 1226273
1903 1073740
1904 1079816
1905 1219289
1906 1090642
1907 1077511
1908 1081283
1909 1310712
1910 1100908
1911 1090292
1912 1254629
1913 1086731
1914 1095530
1915 1105308
1916 1096020
1917 1094622
1918 1111105
1919 1572267
1920 1579321
1921 1581346
1922 1594267
1923 1615988
1924 1584839
1925 1558927
1926 1573873
1927 1556972
1928 1591124
1929 1553829
1930 1606000
1931 1587982
1932 1599645
1933 1625486
1934 1607467
1935 1620667
1936 1607537
1937 1608375
1938 1607187
1939 1606279
1940 1621435
1941 1592800
1942 1610191
1943 1491950
1944 1158946
1945 1325518
1946 1166978
1947 1164393
1948 1695328
1949 1627581
1950 1627302
1951 1666552
1952 1638267
1953 1594616
1954 1615150
1955 1467784
1956 1174381
1957 1814476
1958 1512693
1959 1148470
1960 1314273
1961 1147213
1962 1317765
1963 1458705
1964 1160623
1965 1151404
1966 1336971
1967 1162020
1968 1165162
1969 1308826
1970 1167187
1971 1170889
1972 1321676
1973 1161740
1974 1174800
1975 1214470
1976 1504591
1977 1164254
1978 1660337
1979 1687226
1980 1360438
1981 1358762
1982 1175987
1983 1176057
1984 1332501
1985 1595245
1986 1794991
1987 1683664
1988 1737232
1989 1713276
1990 1799949
1991 1697911
1992 1685200
1993 1723683
1994 1778857
1995 1720959
1996 1716140
1997 1713207
1998 1697562
1999 1853936
2000 1581207
2001 1816851
2002 1424692
2003 1190794
2004 1350382
2005 1194146
2006 1267270
2007 1486292
2008 1415054
2009 1519397
2010 1488178
2011 1201270
2012 1200572
2013 1302610
2014 1206159
2015 1566400
2016 1403461
2017 1192540
2018 1563886
2019 1283543
2020 1741842
2021 1473371
2022 1734718
2023 1725568
2024 1357365
2025 1587841
2026 1434820
2027 1202178
2028 1419873
2029 1692044
2030 1814476
2031 1621575
2032 1533225
2033 1539861
2034 1213841
2035 1553270
2036 1441524
2037 1213423
2038 1383695
2039 1780813
2040 1454864
2041 1639385
2042 1219149
2043 1336622
2044 1400597
2045 1218032
2046 1811054
2047 1218521
2048 1228298
2049 1548451
2050 1622134
2051 1718794
2052 1446692
2053 1233188
2054 1662641
2055 1285568
2056 1646229
2057 1418686
2058 1258190
2059 1536508
2060 1754762
2061 1771105
2062 1726825
2063 1250438
2064 1268667
2065 1256654
2066 1560534
2067 1535390
2068 1269505
2069 1463594
2070 1411841
2071 1508222
2072 1627302
2073 1641200
2074 1705384
2075 1283823
2076 1515067
2077 1665296
2078 1546286
2079 1272369
2080 1286267
2081 1367842
2082 1842482
2083 1785771
2084 1827187
2085 1285568
2086 1683873
2087 1486711
2088 1649022
2089 1628839
2090 1310851
2091 1742959
2092 1553131
2093 1304565
2094 1905968
2095 1285079
2096 1881315
2097 1287314
2098 1286965
2099 1614661
2100 1288991
2101 1676610
2102 1855683
2103 1400457
2104 1896051
2105 1870349
2106 1859245
2107 1797086
2108 1810775
2109 1833613
2110 1805467
2111 1789404
2112 1811473
2113 1645600
2114 1860921
2115 1301283
2116 1304636
2117 1711041
2118 1304565
2119 1793174
2120 1306311
2121 1888019
2122 1592312
2123 1761537
2124 1333200
2125 1320000
2126 1883619
2127 1402902
2128 1490064
2129 1755251
2130 1310362
2131 1881664
2132 1684572
2133 1925594
2134 1581346
2135 1460102
2136 1542445
2137 1286546
2138 1857778
2139 1301981
2140 1371333
2141 1862178
2142 1802534
2143 1557809
2144 1316717
2145 1315809
2146 1318604
2147 1312876
2148 1855752
2149 1546007
2150 1397593
2151 1788216
2152 1321676
2153 1885924
2154 1408210
2155 1945079
2156 1751969
2157 1781023
2158 1508153
2159 1335645
2160 1803092
2161 1514438
2162 1942216
2163 1384604
2164 1335435
2165 1727594
2166 1696585
2167 1334876
2168 1332990
2169 1331523
2170 1358553
2171 1818946
2172 1408978
2173 1343816
2174 1352686
2175 1358273
2176 1355969
2177 1360299
2178 1373848
2179 1372661
2180 1696096
2181 1375663
2182 1695397
2183 1367562
2184 1372381
2185 1363302
2186 1381879
2187 1370635
2188 1676121
2189 1368051
2190 1374197
2191 1842064
2192 1418336
2193 1629188
2194 1390260
2195 1379854
2196 1391028
2197 1380552
2198 1394940
2199 1375315
2200 1388305
2201 1380413
2202 1391238
2203 1382299
2204 2002140
2205 1958420
2206 1796876
2207 1381950
2208 1744426
2209 1389562
2210 1405905
2211 1408978
2212 1399969
2213 1399270
2214 1926083
2215 1400946
2216 1420292
2217 1411282
2218 1438311
2219 1436565
2220 1442572
2221 1783886
2222 1455842
2223 1450463
2224 1723473
2225 1425041
2226 1705733
2227 1432654
2228 1441803
2229 1430559
2230 1426508
2231 1514019
2232 2012686
2233 2024280
2234 2034057
2235 2048724
2236 2027911
2237 2048165
2238 2044673
2239 1994597
2240 1427975
2241 1771734
2242 1703219
2243 1709854
2244 1442711
2245 1445854
2246 1793245
2247 1438312
2248 1459613
2249 1449067
2250 1473022
2251 1463733
2252 1765518
2253 2006959
2254 1712229
2255 1597829
2256 1515905
2257 2005702
2258 1469251
2259 1920635
2260 2080083
2261 2079245
2262 1730317
2263 2173670
2264 1458426
2265 1457937
2266 1618571
2267 1464920
2268 1946337
2269 1468134
2270 1473092
2271 1725289
2272 1844229
2273 1705105
2274 1739956
2275 1749105
2276 1487550
2277 1896889
2278 1587981
2279 1550965
2280 1978324
2281 1797575
2282 1804209
2283 1483429
2284 1834591
2285 1479238
2286 2060248
2287 1475816
2288 1633098
2289 1900731
2290 2068000
2291 1902686
2292 1627441
2293 1687784
2294 1729549
2295 1571638
2296 1480565
2297 1472464
2298 1487201
2299 2084482
2300 1961213
2301 2279201
2302 1488038
2303 1905479
2304 1473442
2305 1476794
2306 1656495
2307 1490343
2308 1964635
2309 1904781
2310 1920705
2311 1491600
2312 1886762
2313 1489156
2314 1506128
2315 1646578
2316 1505708
2317 1878032
2318 2102292
2319 1649930
2320 1499073
2321 1871607
2322 1610609
2323 1497676
2324 1639664
2325 1484406
2326 2028749
2327 1793315
2328 2156419
2329 1542095
2330 1961772
2331 1482242
2332 1480914
2333 1619270
2334 1560394
2335 2054940
2336 1649302
2337 1895632
2338 1421689
2339 1927899
2340 1823416
2341 1605372
2342 1419524
2343 1542305
2344 1823626
2345 1520864
2346 1860712
2347 2008635
2348 1988800
2349 2032800
2350 1571917
2351 1421131
2352 1851423
2353 1659359
2354 1582603
2355 2050610
2356 3854819
2357 3109054
2358 2343594
2359 2395486
2360 2218299
2361 1417778
2362 1612077
2363 1568286
2364 1395568
2365 1564375
2366 1404788
2367 1415473
2368 1423574
2369 1409746
2370 1743727
2371 1421340
2372 1628559
2373 1573314
2374 1420501
2375 1785562
2376 1434470
2377 1438520
2378 1595664
2379 1431536
2380 1590565
2381 1433213
2382 1430279
2383 1597898
2384 1497187
2385 1808331
2386 1423854
2387 1596432
2388 1568006
2389 1413588
2390 1580857
2391 1569473
2392 1440686
2393 1734368
2394 1428044
2395 1601461
2396 1595315
2397 1558858
2398 1482731
2399 1458914
2400 1450883
2401 1587772
2402 1447880
2403 1444597
2404 1435238
2405 1605721
2406 1428603
2407 1438940
2408 1442991
2409 1436147
2410 1442851
2411 1432584
2412 1568565
2413 1452489
2414 1448299
2415 1450045
2416 1456540
2417 1455982
2418 1613543
2419 1444318
2420 1444806
2421 1756787
2422 1600692
2423 1489854
2424 1486711
2425 1473860
2426 1476026
2427 1480845
2428 1491390
2429 1476444
2430 1488317
2431 1667530
2432 1498724
2433 1645740
2434 1649092
2435 1507314
2436 1489994
2437 1486502
2438 1511994
2439 1502915
2440 1516324
2441 1633378
2442 1496210
2443 1651886
2444 1498794
2445 1507384
2446 1511924
2447 1508711
2448 1519397
2449 1509689
2450 1514438
2451 1513739
2452 1683664
2453 1654959
2454 1514439
2455 1540908
2456 1691137
2457 1529384
2458 1672210
2459 1529384
2460 1535740
2461 1520305
2462 1526241
2463 1675702
2464 1537066
2465 1544051
2466 1527638
2467 1697492
2468 1524216
2469 1520305
2470 1535390
2471 1874261
2472 1540489
2473 1668648
2474 1602578
2475 1594616
2476 1529384
2477 1534273
2478 1525474
2479 1553061
2480 1539232
2481 1541956
2482 1537695
2483 1671162
2484 1539231
2485 1536298
2486 1542305
2487 1550476
2488 1550616
2489 1704476
2490 1546425
2491 1548800
2492 1531829
2493 1609353
2494 1540489
2495 1860292
2496 1555784
2497 1551733
2498 1555855
2499 1548801
2500 1537207
2501 1544610
2502 1539861
2503 1687226
2504 1554317
2505 1707899
2506 1544889
2507 1795550
2508 1872095
2509 1539511
2510 1685549
2511 1557111
2512 1563537
2513 1946686
2514 1552292
2515 1871607
2516 2297290
2517 1661873
2518 1541397
2519 2010591
2520 2208521
2521 2215575
2522 2211175
2523 2190781
2524 1819645
2525 1551314
2526 1706153
2527 1563886
2528 1563187
2529 1710832
2530 1984679
2531 1709785
2532 1556413
2533 1713207
2534 1553968
2535 1580369
2536 1579251
2537 1570451
2538 1575549
2539 1822019
2540 1574292
2541 1562210
2542 1560673
2543 1564165
2544 1574362
2545 1741143
2546 1567308
2547 1578273
2548 1560254
2549 1696655
2550 1562768
2551 1571149
2552 1582673
2553 1575410
2554 1582743
2555 1573385
2556 1566191
2557 1580089
2558 1569333
2559 1728432
2560 1585607
2561 1582534
2562 1693581
2563 1581974
2564 1721658
2565 1576667
2566 1727455
2567 1590216
2568 1677867
2569 2006470
2570 1574921
2571 1826978
2572 1573105
2573 1581277
2574 1573733
2575 1593429
2576 1586584
2577 1845346
2578 2153347
2579 2253010
2580 1602019
2581 1832705
2582 1667531
2583 1644134
2584 1634844
2585 1634496
2586 1638756
2587 1821251
2588 1769289
2589 1778858
2590 1642318
2591 1646368
2592 1646927
2593 1646648
2594 1643644
2595 1652095
2596 1782070
2597 1653841
2598 1657892
2599 1677658
2600 1675912
2601 1657473
2602 1665714
2603 1653981
2604 1655588
2605 1658312
2606 1811753
2607 1675702
2608 1679474
2609 1671441
2610 1666553
2611 2024838
2612 1655797
2613 1671442
2614 1673746
2615 1835429
2616 1687924
2617 1686039
2618 1682895
2619 1797854
2620 1793663
2621 1679333
2622 1843950
2623 1707480
2624 1997042
2625 1706502
2626 1857638
2627 1709295
2628 1885994
2629 1696584
2630 1716000
2631 1718026
2632 1880267
2633 1995505
2634 1708667
2635 1704686
2636 1707480
2637 1850724
2638 1703079
2639 2044254
2640 1714115
2641 1860292
2642 1998229
2643 1878661
2644 1707061
2645 1913023
2646 1705105
2647 1721727
2648 1714115
2649 1879149
2650 1719422
2651 1859733
2652 1706711
2653 1717956
2654 1723753
2655 2281714
2656 1733600
2657 2196858
2658 1719841
2659 2132813
2660 1941238
2661 2241556
2662 1722636
2663 1873563
2664 1731854
2665 1907645
2666 1702451
2667 2367410
2668 2874038
2669 1887111
2670 2103130
2671 1794432
2672 1723124
2673 1745822
2674 1908064
2675 2073378
2676 1710273
2677 2075962
2678 2319220
2679 1717747
2680 2269841
2681 1766006
2682 2332349
2683 1974482
2684 2013664
2685 1942147
2686 2350369
2687 1713416
2688 1871187
2689 1711391
2690 2151601
2691 2062972
2692 2162147
2693 2632388
2694 1748477
2695 1717397
2696 1806794
2697 2112978
2698 1718793
2699 2078755
2700 2084273
2701 2159772
2702 1876425
2703 1882711
2704 1793803
2705 2282483
2706 1725847
2707 2046490
2708 1890463
2709 2260413
2710 1734578
2711 1896470
2712 1744705
2713 2361962
2714 1743936
2715 2018413
2716 1997530
2717 1988801
2718 1739467
2719 2165638
2720 1935302
2721 2162705
2722 1751410
2723 2156489
2724 2103898
2725 1878032
2726 1756229
2727 1855124
2728 2430337
2729 2979429
2730 2239461
2731 2231708
2732 2163124
2733 1910788
2734 2077149
2735 2116330
2736 1790661
2737 1797994
2738 2047607
2739 2478178
2740 1898356
2741 1956115
2742 1992572
2743 2023232
2744 1809168
2745 1826838
2746 2160749
2747 2097892
2748 2008216
2749 1794013
2750 1788425
2751 1810286
2752 2131207
2753 1815384
2754 2042718
2755 1941517
2756 2221093
2757 1807283
2758 2259925
2759 1826140
2760 1978464
2761 1832216
2762 2099359
2763 1981956
2764 2016178
2765 1829423
2766 2269004
2767 1839968
2768 1860152
2769 1958070
2770 2380959
2771 2131416
2772 1874889
2773 2299454
2774 1826978
2775 1991594
2776 2009054
2777 1988032
2778 2130928
2779 2252311
2780 2306648
2781 2212153
2782 2632387
2783 3031251
2784 3109753
2785 2778077
2786 2615346
2787 2603614
2788 2585385
2789 2675131
2790 2130928
2791 2015899
2792 2635112
2793 1856731
2794 2353372
2795 1919867
2796 2176463
2797 2061575
2798 2143499
2799 1866439
2800 2525600
2801 2499829
2802 1855892
2803 2020648
2804 2025187
2805 2043137
2806 1878800
2807 2559613
2808 2238692
2809 2466864
2810 2037968
2811 1881384
2812 2151391
2813 1923289
2814 2033359
2815 1888928
2816 2037480
2817 1893327
2818 2044255
2819 1889136
2820 2071842
2821 1924686
2822 2080502
2823 2053543
2824 2219905
2825 2110883
2826 1892349
2827 2047677
2828 2018064
2829 1900242
2830 2721296
2831 2186242
2832 1900661
2833 2443606
2834 2061435
2835 1900101
2836 2209010
2837 1894305
2838 2054660
2839 1890393
2840 2043486
2841 1890044
2842 1902197
2843 1897168
2844 2026724
2845 2066813
2846 1910438
2847 2084762
2848 2396883
2849 1909460
2850 2062972
2851 1977695
2852 1959955
2853 1903524
2854 2286255
2855 2471404
2856 1902197
2857 2070584
2858 2192667
2859 2274102
2860 1954368
2861 2393600
2862 2335283
2863 1831867
2864 1981397
2865 1856312
2866 2367200
2867 1976229
2868 2211454
2869 2588178
2870 2012197
2871 2061156
2872 1875308
2873 2259435
2874 2206286
2875 1983423
2876 2484185
2877 1893677
2878 2285276
2879 1892489
2880 1887041
2881 1937956
2882 2261181
2883 2117448
2884 1894025
2885 2181632
2886 2045511
2887 1879289
2888 1883689
2889 2318660
2890 2023372
2891 2288629
2892 1868743
2893 2387874
2894 1879778
2895 2039365
2896 2067512
2897 2127365
2898 1982655
2899 2078127
2900 2545366
2901 2434388
2902 2223398
2903 2608502
2904 2026165
2905 2139239
2906 1926362
2907 2044045
2908 1883690
2909 2883677
2910 2712007
2911 2696083
2912 2693010
2913 2338077
2914 2196089
2915 2449194
2916 1866438
2917 2036502
2918 2664096
2919 2088812
2920 2033079
2921 1946686
2922 2267328
2923 1881175
2924 2025188
2925 2471544
2926 2043974
2927 2065765
2928 2103690
2929 2383752
2930 1880266
2931 1890603
2932 1966381
2933 2231290
2934 2390736
2935 1870699
2936 2370972
2937 1871677
2938 2014921
2939 1887531
2940 2359378
2941 1890394
2942 2271867
2943 2137702
2944 2054590
2945 1893327
2946 1894794
2947 2287721
2948 2051448
2949 2086438
2950 1999346
2951 2405263
2952 1891092
2953 1916026
2954 1995366
2955 2454712
2956 1898355
2957 2382147
2958 2405893
2959 2067302
2960 2068000
2961 1911486
2962 2222279
2963 2446261
2964 2017994
2965 2766763
2966 1905549
2967 2051588
2968 2025118
2969 2185124
2970 2183168
2971 2432432
2972 2350648
2973 1931879
2974 2063530
2975 1988661
2976 2223676
2977 2045302
2978 2171645
2979 2478248
2980 1929714
2981 2443677
2982 2005423
2983 2335981
2984 1931181
2985 2190292
2986 2572394
2987 1940331
2988 2553676
2989 2264463
2990 2066533
2991 1920147
2992 2346807
2993 2545016
2994 2721017
2995 2738825
2996 2551092
2997 1931740
2998 2209778
2999 2430406
3000 2817328
3001 2345898
3002 2395626
3003 1979651
3004 2083854
3005 2175625
3006 2784502
3007 2821588
3008 2804965
3009 2741130
3010 2751537
3011 2566108
3012 2020439
3013 2112140
3014 2842819
3015 2848267
3016 2862724
3017 3005131
3018 2797562
3019 2743156
3020 2602287
3021 2722693
3022 2272007
3023 2613740
3024 1962959
3025 2316775
3026 2391226
3027 2437461
3028 2416718
3029 2223676
3030 2808737
3031 2474616
3032 2157886
3033 2390458
3034 2537334
3035 2866775
3036 2829899
3037 2836394
3038 2817676
3039 2460578
3040 2543131
3041 2443188
3042 2827384
3043 3176521
3044 3471530
3045 3390305
3046 3150610
3047 2278711
3048 2613181
3049 2706070
3050 2413575
3051 2876972
3052 2938153
3053 2866845
3054 2867403
3055 2757055
3056 2857556
3057 2918807
3058 2928445
3059 2970699
3060 3003384
3061 2326063
3062 2458763
3063 2597676
3064 2734147
3065 2926140
3066 2852947
3067 2886330
3068 2994375
3069 2980686
3070 2983969
3071 3003105
3072 2913988
3073 3043333
3074 2556330
3075 2926280
3076 2931029
3077 3001429
3078 2979289
3079 2887518
3080 2896947
3081 2923137
3082 2922369
3083 3125258
3084 2944229
3085 2945207
3086 3036210
3087 2906096
3088 2953029
3089 2913290
3090 2903302
3091 2991442
3092 2687841
3093 2943391
3094 3081537
3095 2946394
3096 2955752
3097 2498362
3098 2858952
3099 3072667
3100 2879905
3101 2928096
3102 3045499
3103 2373556
3104 3355036
3105 2895480
3106 2934242
3107 2973353
3108 2549696
3109 2954356
3110 2928445
3111 2906585
3112 2626451
3113 2208731
3114 2664375
3115 2926280
3116 2970000
3117 2934381
3118 2671080
3119 2267188
3120 2477969
3121 2914826
3122 2943041
3123 2612413
3124 2626032
3125 2384521
3126 2351765
3127 2962038
3128 3067290
3129 2969651
3130 2412387
3131 2555981
3132 2648940
3133 2955893
3134 3004851
3135 2792533
3136 2509397
3137 2409873
3138 2802521
3139 2992978
3140 2931029
3141 2417486
3142 2654737
3143 2727023
3144 2992000
3145 2999264
3146 2954147
3147 2716686
3148 2315518
3149 2853785
3150 3038375
3151 2988648
3152 2941156
3153 2544807
3154 2587410
3155 2748324
3156 3007855
3157 3018749
3158 2512680
3159 2391226
3160 2450940
3161 2913708
3162 3145442
3163 3007156
3164 2595512
3165 2513588
3166 2595162
3167 3064775
3168 3055416
3169 2860909
3170 2487607
3171 2751747
3172 2451149
3173 3134686
3174 2983689
3175 2667168
3176 2581822
3177 2895759
3178 2933613
3179 3093619
3180 3133010
3181 3109822
3182 3070781
3183 3081887
3184 3091734
3185 3122674
3186 3057372
3187 3278838
3188 3438775
3189 3391563
3190 3490667
3191 3366769
3192 3144254
3193 2377397
3194 3022312
3195 3095575
3196 3057581
3197 3079442
3198 2954146
3199 3083633
3200 3131892
3201 3085727
3202 3049480
3203 2764178
3204 2406940
3205 3096343
3206 3146280
3207 2922438
3208 2931378
3209 2342127
3210 2731353
3211 3136990
3212 2995492
3213 2677994
3214 2704324
3215 2402051
3216 3099765
3217 3062889
3218 3140692
3219 2808528
3220 2443188
3221 3046406
3222 3095784
3223 3005201
3224 2931517
3225 2378934
3226 2635950
3227 3101721
3228 3020217
3229 2895480
3230 2911613
3231 2291143
3232 2691333
3233 3485010
3234 3444292
3235 3530337
3236 3124559
3237 2419093
3238 3507429
3239 3472788
3240 3492064
3241 2974540
3242 2746717
3243 3538368
3244 3441638
3245 3161435
3246 2803778
3247 2720457
3248 3478584
3249 3483124
3250 3477606
3251 2689797
3252 2734635
3253 3430254
3254 3466293
3255 2974959
3256 2898902
3257 3013302
3258 3505683
3259 3513715
3260 3546820
3261 3058210
3262 2925023
3263 3524470
3264 3480401
3265 3257467
3266 2756845
3267 3054927
3268 3537461
3269 3372426
3270 3169467
3271 2770883
3272 2951982
3273 3589772
3274 3592636
3275 3452813
3276 3079093
3277 3201594
3278 3595778
3279 3374591
3280 3065333
3281 3595150
3282 3141460
3283 3600877
3284 3468457
3285 3294413
3286 2815791
3287 3293715
3288 3563441
3289 3123233
3290 3099486
3291 2844915
3292 3267594
3293 4119798
3294 4265486
3295 3510153
3296 3164508
3297 3754388
3298 3601994
3299 3744121
3300 2533493
3301 3700540
3302 3624413
3303 3517137
3304 3042566
3305 3381225
3306 3646762
3307 3601645
3308 3482915
3309 2557937
3310 3244546
3311 3633981
3312 3612051
3313 3486896
3314 3101441
3315 3418521
3316 3621899
3317 3629791
3318 3148096
3319 2778565
3320 3644667
3321 3540394
3322 3236096
3323 3715556
3324 3375569
3325 3679099
3326 2966089
3327 3380388
3328 2751886
3329 3223524
3330 3288197
3331 2707258
3332 3026990
3333 2846521
3334 2820331
3335 3400432
3336 3685105
3337 2830458
3338 2809365
3339 2851201
3340 2682813
3341 3100952
3342 2925512
3343 2824591
3344 2529861
3345 2538312
3346 2543340
3347 2545436
3348 2557308
3349 2875925
3350 3336807
3351 2560172
3352 2537334
3353 2542991
3354 3208229
3355 4076007
3356 4186426
3357 3578248
3358 3673232
3359 3382343
3360 3567073
3361 3598014
3362 3005410
3363 2927746
3364 3377664
3365 2742947
3366 2738687
3367 3471321
3368 3435841
3369 3282052
3370 3290781
3371 2851270
3372 3165137
3373 3285264
3374 2967835
3375 2603264
3376 2593905
3377 3023569
3378 3193073
3379 3037676
3380 2634692
3381 2935569
3382 2936896
3383 2879975
3384 2603753
3385 2932426
3386 3251601
3387 3039563
3388 2788343
3389 3537810
3390 3265848
3391 3298813
3392 2623867
3393 2625752
3394 2602007
3395 2618350
3396 2948838
3397 2621841
3398 2618490
3399 2633505
3400 3045290
3401 3655562
3402 2956730
3403 2971676
3404 3305029
3405 2730654
3406 2842470
3407 3127353
3408 2651105
3409 2626032
3410 2826686
3411 3521747
3412 3020914
3413 2859651
3414 2670661
3415 2649778
3416 2635949
3417 2628407
3418 2969302
3419 2650407
3420 2642515
3421 2634134
3422 2997309
3423 2882279
3424 3708223
3425 3790077
3426 3167512
3427 2806572
3428 2991581
3429 3277651
3430 3293994
3431 3384159
3432 2732541
3433 2687702
3434 3005480
3435 3463918
3436 3402946
3437 3157384
3438 2909168
3439 3097461
3440 2957010
3441 2739594
3442 2699295
3443 3168769
3444 2953727
3445 2789671
3446 2809645
3447 2819213
3448 2837790
3449 2798540
3450 2790997
3451 2667937
3452 2838978
3453 2680788
3454 3093410
3455 2679530
3456 2770604
3457 2844984
3458 2684209
3459 2704464
3460 2687981
3461 2840934
3462 2684559
3463 2846591
3464 2684070
3465 2690216
3466 2688121
3467 2822495
3468 2680369
3469 2717594
3470 2858604
3471 2701810
3472 2866775
3473 2856788
3474 2702159
3475 2761803
3476 2722972
3477 2681417
3478 2655087
3479 2816629
3480 2855182
3481 2674013
3482 2682185
3483 2852667
3484 2694686
3485 2831435
3486 2821238
3487 2847359
3488 2845404
3489 2845473
3490 2994654
3491 2832343
3492 2699365
3493 2702439
3494 2708235
3495 3187207
3496 3152426
3497 2732819
3498 3556876
3499 3311175
3500 3226388
3501 3420058
3502 2708305
3503 3043404
3504 3760813
3505 3921378
3506 3870115
3507 3868020
3508 3624343
3509 2895690
3510 3213886
3511 2884863
3512 2896038
3513 2894292
3514 2883187
3515 2889055
3516 3865924
3517 3375499
3518 3179594
3519 3262914
3520 2950724
3521 2951283
3522 2931029
3523 3280025
3524 2773258
3525 2774794
3526 2905328
3527 2782896
3528 2790299
3529 2789042
3530 2787575
3531 2818794
3532 2933263
3533 2980058
3534 2791416
3535 2970838
3536 2827943
3537 2944998
3538 2972096
3539 2811600
3540 2804476
3541 2815163
3542 2783803
3543 2932355
3544 2800915
3545 2733028
3546 2726604
3547 2901486
3548 2902533
3549 3207950
3550 2682813
3551 2699854
3552 2851060
3553 3093829
3554 2836185
3555 2851200
3556 3958394
3557 3150820
3558 2837302
3559 2858952
3560 3096763
3561 3027619
3562 2728559
3563 2684978
3564 2742388
3565 2883397
3566 3394985
3567 2735334
3568 2758451
3569 2909518
3570 2910077
3571 2762292
3572 2840026
3573 2835556
3574 3040400
3575 2923556
3576 3060305
3577 2927118
3578 2934661
3579 2783105
3580 2932076
3581 3067568
3582 2913498
3583 2771511
3584 2869708
3585 2791206
3586 2948699
3587 2940248
3588 2782267
3589 2788971
3590 2784921
3591 2791975
3592 2936756
3593 2795048
3594 2804686
3595 2780381
3596 2805874
3597 2802451
3598 2947791
3599 2952959
3600 2805874
3601 2811950
3602 2830667
3603 2799937
3604 2967975
3605 2825499
3606 3053461
3607 3004572
3608 2836813
3609 2973632
3610 2835556
3611 2830179
3612 2863353
3613 2863073
3614 2857765
3615 2997169
3616 2876832
3617 2872362
3618 2870686
3619 3011695
3620 3148585
3621 3029924
3622 2873410
3623 2867753
3624 2904699
3625 2881721
3626 3042915
3627 3092991
3628 3110590
3629 3040749
3630 3077626
3631 3183296
3632 2887797
3633 2879416
3634 2903442
3635 2885143
3636 3076090
3637 3340019
3638 2919575
3639 2923137
3640 2924324
3641 3067499
3642 3198172
3643 3082096
3644 3061492
3645 3085658
3646 2931448
3647 3205086
3648 3591098
3649 3085937
3650 3359296
3651 3314318
3652 3247061
3653 3024547
3654 3099207
3655 3243848
3656 2965182
3657 3392051
3658 2956661
3659 2973074
3660 3802648
3661 4200464
3662 4130134
3663 3094807
3664 3321930
3665 3259213
3666 3230020
3667 2925302
3668 2923626
3669 2916852
3670 2913639
3671 2898133
3672 3255931
3673 3008204
3674 2938781
3675 3861384
3676 4158559
3677 3220242
3678 2980127
3679 3083493
3680 3179873
3681 3620083
3682 3261937
3683 3077835
3684 2974959
3685 2973981
3686 3185461
3687 3352032
3688 3120019
3689 2925721
3690 3346514
3691 4177416
3692 4215759
3693 4186565
3694 4257105
3695 4359492
3696 3995899
3697 3464407
3698 3355036
3699 3028178
3700 3309639
3701 3194959
3702 3130077
3703 3113036
3704 3512109
3705 3329544
3706 3014000
3707 3303353
3708 3170515
3709 3455258
3710 3258794
3711 3018331
3712 3018261
3713 3035581
3714 3027759
3715 3156477
3716 3192724
3717 3012813
3718 3041448
3719 3021544
3720 3163740
3721 3015677
3722 3004502
3723 3019029
3724 4107156
3725 3185111
3726 3012883
3727 3012254
3728 3033276
3729 3041588
3730 3182946
3731 3017004
3732 3210603
3733 3032019
3734 3028457
3735 3171493
3736 3042984
3737 3036350
3738 3039493
3739 3050737
3740 3343023
3741 3044800
3742 3827442
3743 4359912
3744 3762839
3745 3453023
3746 3199639
3747 3171911
3748 3291270
3749 3209277
3750 3310197
3751 3192864
3752 3021054
3753 3008483
3754 3029575
3755 3164648
3756 3710527
3757 3167581
3758 3013581
3759 3177429
3760 3487105
3761 3184064
3762 3180641
3763 3359784
3764 3200476
3765 3174984
3766 3034604
3767 3044102
3768 3330102
3769 3322629
3770 3172121
3771 3032438
3772 3031949
3773 3041588
3774 3353918
3775 3174287
3776 3335759
3777 3021683
3778 3058629
3779 3044731
3780 3191537
3781 3065683
3782 3030343
3783 3197822
3784 3190210
3785 3174286
3786 3037886
3787 3030483
3788 3057302
3789 3069385
3790 3197264
3791 3212629
3792 3068476
3793 3072387
3794 3572381
3795 3197055
3796 3192165
3797 3217867
3798 3047944
3799 3263264
3800 3735251
3801 3198800
3802 3292806
3803 3190560
3804 3063517
3805 3295181
3806 3216819
3807 4083689
3808 3777087
3809 3586489
3810 3418661
3811 3086914
3812 3091873
3813 3072598
3814 3539276
3815 4391201
3816 4371505
3817 4332813
3818 4052331
3819 3848185
3820 3194679
3821 3301467
3822 3037537
3823 3634820
3824 3446387
3825 3156826
3826 4444280
3827 3726032
3828 3210185
3829 3361671
3830 3266826
3831 3061073
3832 3192026
3833 3075042
3834 3071271
3835 3070642
3836 3072947
3837 3207740
3838 3066731
3839 3575803
3840 3229531
3841 3066870
3842 3202782
3843 3057791
3844 3535575
3845 3074273
3846 3069664
3847 3192445
3848 3074833
3849 3248877
3850 2762851
3851 2764108
3852 2749442
3853 3255861
3854 3042636
3855 2876483
3856 2869220
3857 2883048
3858 3164159
3859 2882350
3860 2721226
3861 2712985
3862 2736591
3863 2718292
3864 2865238
3865 2731353
3866 2737080
3867 2918457
3868 2742178
3869 2739314
3870 3009670
3871 2743365
3872 2727302
3873 2923207
3874 3192724
3875 3016375
3876 2739385
3877 2833041
3878 2742667
3879 2732051
3880 2725835
3881 2888845
3882 2973912
3883 2742179
3884 2726044
3885 2732051
3886 2876623
3887 2737638
3888 2732261
3889 2900997
3890 2745740
3891 2737568
3892 3213886
3893 2759149
3894 2770324
3895 2756636
3896 2779893
3897 3082235
3898 2926768
3899 2799309
3900 2800705
3901 2795886
3902 2793721
3903 2922089
3904 2819353
3905 2982083
3906 2955822
3907 2806013
3908 2832064
3909 2949886
3910 2826825
3911 2821727
3912 2822775
3913 2827385
3914 2954356
3915 2808597
3916 2833880
3917 2824590
3918 2833670
3919 2818375
3920 2958407
3921 2823404
3922 2814464
3923 2969093
3924 2974121
3925 3127213
3926 2839258
3927 2994375
3928 3162552
3929 2853785
3930 2835206
3931 2962667
3932 3112616
3933 3476280
3934 3132171
3935 2826895
3936 3288058
3937 2845124
3938 2856019
3939 3014489
3940 2855321
3941 2985156
3942 3037676
3943 3032997
3944 2863702
3945 2867613
3946 3528452
3947 3086356
3948 3207111
3949 2908819
3950 2924952
3951 2919017
3952 3077346
3953 3094178
3954 3339950
3955 3066452
3956 3076997
3957 3237772
3958 3322490
3959 3344280
3960 3123233
3961 2947092
3962 3050039
3963 3118274
3964 2947860
3965 2944299
3966 2928585
3967 3076438
3968 3073785
3969 3904058
3970 4242788
3971 4232941
3972 3770382
3973 3580762
3974 3352940
3975 3246782
3976 3376617
3977 4440229
3978 3525868
3979 3228692
3980 2962108
3981 3139016
3982 3278769
3983 3111778
3984 3094038
3985 3091943
3986 3282051
3987 3328915
3988 2996470
3989 3151797
3990 3016165
3991 3160388
3992 3038445
3993 3040959
3994 3031810
3995 3323816
3996 3191468
3997 2993537
3998 3362438
3999 4078870
4000 3423969
4001 3557435
4002 3246292
4003 3224921
4004 3096063
4005 3061073
4006 3247550
4007 3537740
4008 3205505
4009 3061702
4010 3614635
4011 3237562
4012 3053042
4013 3345886
4014 3629372
4015 3472089
4016 3516788
4017 3437518
4018 3197334
4019 3378502
4020 3219403
4021 3080559
4022 3101931
4023 3090197
4024 3110661
4025 3266128
4026 3126514
4027 3265499
4028 3109473
4029 3238191
4030 3231206
4031 3089080
4032 3095925
4033 3099835
4034 3099137
4035 3250553
4036 3098019
4037 3063797
4038 3082095
4039 3067150
4040 4097657
4041 3223664
4042 3079372
4043 3046895
4044 3085099
4045 3311594
4046 3241334
4047 3493251
4048 3234349
4049 3665130
4050 4319893
4051 3057232
4052 3223943
4053 3073645
4054 3049060
4055 3183226
4056 3193283
4057 3042146
4058 3070293
4059 3045290
4060 3190070
4061 3038654
4062 3035791
4063 3049271
4064 3192445
4065 3176660
4066 3041588
4067 3401550
4068 2993886
4069 3014071
4070 3480261
4071 3020915
4072 3014210
4073 3003594
4074 3008483
4075 3262147
4076 3170515
4077 3157385
4078 3148165
4079 2983759
4080 3152147
4081 3196147
4082 3014210
4083 2984877
4084 2981035
4085 2972585
4086 3140972
4087 3160458
4088 3007226
4089 3174286
4090 3020286
4091 3153195
4092 3013232
4093 2987321
4094 2994305
4095 3004572
4096 3129588
4097 3161295
4098 2978730
4099 3012464
4100 3180991
4101 3137690
4102 3158641
4103 3013232
4104 3133220
4105 3185949
4106 3297905
4107 3260401
4108 3395194
4109 3379759
4110 3125397
4111 3131753
4112 3135245
4113 3950921
4114 3754946
4115 3553594
4116 3976972
4117 3582578
4118 3467550
4119 3014908
4120 3160947
4121 3061143
4122 3045499
4123 3284426
4124 3288127
4125 3117086
4126 3003594
4127 3334293
4128 3480471
4129 3157943
4130 3307334
4131 3307054
4132 4291956
4133 4269328
4134 4239645
4135 3926407
4136 3488293
4137 3552826
4138 3196216
4139 3355245
4140 3010368
4141 3486826
4142 3187695
4143 3757531
4144 3472997
4145 4039969
4146 3210324
4147 3264521
4148 3280235
4149 3045988
4150 3475511
4151 3212978
4152 3226457
4153 3233931
4154 3093340
4155 3033975
4156 3008553
4157 3012743
4158 3145162
4159 3191118
4160 2999823
4161 3034324
4162 3188184
4163 3026782
4164 3291759
4165 3139435
4166 2992210
4167 3003734
4168 3018959
4169 3136991
4170 3657867
4171 2986064
4172 2994933
4173 3161017
4174 3150260
4175 3124698
4176 3011556
4177 3032229
4178 3174984
4179 3163810
4180 3009321
4181 3014210
4182 3013232
4183 3434794
4184 3158292
4185 3030553
4186 3724076
4187 3032578
4188 3330731
4189 3489899
4190 3025175
4191 3267594
4192 3176171
4193 3044731
4194 3436121
4195 3221220
4196 3067010
4197 3091105
4198 3083702
4199 3246502
4200 3317042
4201 3283867
4202 3122813
4203 3119740
4204 3546260
4205 3280515
4206 3097810
4207 3137061
4208 3361251
4209 3298394
4210 3183925
4211 3170444
4212 3137619
4213 3156407
4214 3294274
4215 3160667
4216 3305449
4217 3174356
4218 3155359
4219 3316063
4220 3159968
4221 3163321
4222 3145651
4223 3155079
4224 3276883
4225 3315086
4226 3157315
4227 3169816
4228 4231125
4229 3875003
4230 3664781
4231 4250051
4232 4586756
4233 4525226
4234 4608756
4235 4653455
4236 4677270
4237 4718617
4238 4424585
4239 4780566
4240 3569378
4241 4578864
4242 4152344
4243 4531232
4244 4612039
4245 4817651
4246 4656179
4247 4585499
4248 4623143
4249 4222464
4250 4614204
4251 4600026
4252 4391131
4253 4436877
4254 4592832
4255 4765689
4256 4671195
4257 4794813
4258 4563499
4259 4733423
4260 4860604
4261 4598350
4262 4369200
4263 4082084
4264 4595626
4265 4650033
4266 3665550
4267 4192432
4268 4343918
4269 4559658
4270 4585709
4271 4697105
4272 4614902
4273 3838616
4274 3952947
4275 4648845
4276 3959511
4277 3349378
4278 4610642
4279 4595905
4280 4602260
4281 4638997
4282 4541919
4283 3907829
4284 3732667
4285 3517416
4286 4300128
4287 4257943
4288 3322140
4289 3787772
4290 4332324
4291 4481435
4292 3943588
4293 4009309
4294 3520909
4295 4182376
4296 3563023
4297 4101988
4298 3589283
4299 4009308
4300 3290991
4301 4050095
4302 3234490
4303 3584115
4304 3682242
4305 3560718
4306 3245315
4307 3259982
4308 3604578
4309 3604648
4310 3864598
4311 3576921
4312 3645295
4313 3589772
4314 3494648
4315 3380737
4316 3359924
4317 3557854
4318 3550032
4319 3678400
4320 3229042
4321 3357759
4322 3731131
4323 4620838
4324 4155347
4325 3801670
4326 3381226
4327 3664572
4328 3881988
4329 3645576
4330 3636147
4331 3320394
4332 3679518
4333 3311803
4334 3972502
4335 3313480
4336 3778273
4337 3564629
4338 3544724
4339 3851956
4340 3608489
4341 3659544
4342 3646902
4343 3816127
4344 3325771
4345 3310127
4346 3316344
4347 3309848
4348 3927245
4349 3569099
4350 3310267
4351 3295251
4352 4367595
4353 3301677
4354 3335340
4355 3782813
4356 3430255
4357 3444363
4358 3291131
4359 3308312
4360 3422641
4361 3371867
4362 3312782
4363 3485220
4364 3308451
4365 3382413
4366 3448064
4367 3454280
4368 3443315
4369 3462940
4370 3309709
4371 3614985
4372 3448692
4373 3335130
4374 3316833
4375 3330032
4376 3585022
4377 3320324
4378 3826324
4379 3904407
4380 3594451
4381 3291271
4382 3294064
4383 3493251
4384 3306216
4385 4022648
4386 3475721
4387 3338134
4388 3307334
4389 3461264
4390 3320115
4391 3586769
4392 3587956
4393 3502051
4394 3675258
4395 3521118
4396 3671346
4397 3817944
4398 4324362
4399 4832248
4400 4754375
4401 4520687
4402 3478026
4403 3486337
4404 3477397
4405 3332197
4406 3449251
4407 3520000
4408 3457144
4409 4682858
4410 3929061
4411 3354617
4412 4183144
4413 3393239
4414 3456165
4415 3604299
4416 3288825
4417 3960070
4418 4555537
4419 5615728
4420 5583950
4421 5593379
4422 5595404
4423 5599245
4424 5548401
4425 4819607
4426 4188172
4427 4157791
4428 4314514
4429 4240064
4430 4170292
4431 4594299
4432 4442185
4433 4095283
4434 4121822
4435 3951410
4436 4115676
4437 4176229
4438 4333651
4439 4104502
4440 4328902
4441 4104223
4442 3981093
4443 3973899
4444 4121124
4445 3962166
4446 3950781
4447 3953715
4448 4107156
4449 3957556
4450 3980464
4451 3968382
4452 4098775
4453 4107575
4454 3946661
4455 4094095
4456 4111207
4457 4282248
4458 3977600
4459 3989753
4460 4071816
4461 3960141
4462 3983187
4463 3984585
4464 4119658
4465 3974667
4466 3985423
4467 3971036
4468 4125524
4469 3974458
4470 3992617
4471 4029702
4472 4368432
4473 4049886
4474 4059036
4475 4189988
4476 4523131
4477 4156324
4478 4686210
4479 4342661
4480 4228330
4481 4170851
4482 4170572
4483 4153460
4484 4006376
4485 4623003
4486 4117143
4487 4262064
4488 4239017
4489 4141867
4490 4172387
4491 4347689
4492 4178953
4493 3987797
4494 4121753
4495 4135930
4496 4008610
4497 4003581
4498 4166521
4499 4007492
4500 4015594
4501 3990311
4502 4473194
4503 4248096
4504 4023836
4505 4253124
4506 4190687
4507 4399722
4508 4048489
4509 4044299
4510 4177626
4511 5515575
4512 6532673
4513 5324280
4514 4596673
4515 5680750
4516 4332534
4517 4187962
4518 4294051
4519 4083829
4520 4550928
4521 4272331
4522 4571042
4523 4123918
4524 4252077
4525 5002871
4526 6912401
4527 4377023
4528 4623772
4529 4372763
4530 4296984
4531 4253963
4532 5088356
4533 4968229
4534 4354395
4535 4370946
4536 4409289
4537 4386730
4538 4123639
4539 4113442
4540 4103664
4541 4561474
4542 4221487
4543 4228470
4544 4239575
4545 4235734
4546 4112604
4547 4117702
4548 4118750
4549 4414877
4550 4241321
4551 4074611
4552 4253264
4553 4729652
4554 4125803
4555 4104223
4556 4249353
4557 4116305
4558 4098635
4559 4812344
4560 4918502
4561 4253194
4562 4969836
4563 5022356
4564 4266464
4565 4269397
4566 4141798
4567 4293562
4568 4157512
4569 4498407
4570 4476477
4571 4281969
4572 4318147
4573 4784826
4574 4465511
4575 4422000
4576 4302782
4577 4459086
4578 4445747
4579 4167429
4580 4165963
4581 4168197
4582 4304249
4583 4305714
4584 4142915
4585 4148502
4586 4291676
4587 4156324
4588 4300966
4589 4118331
4590 4278826
4591 4369549
4592 4164007
4593 4308439
4594 4192362
4595 4440229
4596 4300826
4597 4449518
4598 4466350
4599 4329391
4600 4313188
4601 4609664
4602 4199556
4603 4193410
4604 4219182
4605 4330159
4606 4919899
4607 5640452
4608 4511607
4609 4374089
4610 4395321
4611 4371226
4612 4802077
4613 4220858
4614 4220788
4615 4345804
4616 4230914
4617 4740966
4618 4414038
4619 4405937
4620 4724134
4621 4232451
4622 4597442
4623 4232311
4624 4561334
4625 4763734
4626 4406356
4627 4241182
4628 4661766
4629 4242090
4630 5947474
4631 6020598
4632 6028211
4633 4378210
4634 4754445
4635 4529137
4636 4511048
4637 4378490
4638 4656249
4639 4644934
4640 5936089
4641 4935334
4642 4614833
4643 4466769
4644 4505391
4645 4486115
4646 4516845
4647 4584032
4648 4373391
4649 4363125
4650 4515169
4651 4512795
4652 4389245
4653 4691588
4654 4561054
4655 4404820
4656 4438553
4657 4540730
4658 4411804
4659 5063982
4660 4585988
4661 4723086
4662 4602680
4663 5554826
4664 4461880
4665 4388337
4666 4824287
4667 4536261
4668 4439950
4669 4657017
4670 4594369
4671 4547645
4672 4614623
4673 4411315
4674 4563918
4675 4428007
4676 4487512
4677 4482483
4678 4641162
4679 4499455
4680 4509232
4681 4603168
4682 4647378
4683 4633550
4684 4488559
4685 4734261
4686 4434293
4687 4431918
4688 5550845
4689 4590388
4690 4735588
4691 4571461
4692 4589061
4693 4411873
4694 4445328
4695 4817092
4696 4667841
4697 4404052
4698 4414038
4699 4678248
4700 4436597
4701 4890845
4702 4650451
4703 4616089
4704 5115874
4705 4712191
4706 4909912
4707 4759404
4708 4487092
4709 4554978
4710 4605893
4711 4412712
4712 4626495
4713 4566921
4714 4442184
4715 4650032
4716 4794883
4717 4421162
4718 4455665
4719 4448051
4720 4753607
4721 4793138
4722 4621607
4723 4590178
4724 4498896
4725 6040153
4726 7094127
4727 5465499
4728 5411023
4729 5419963
4730 5158407
4731 4497080
4732 4671893
4733 4502458
4734 6373645
4735 5682077
4736 4908166
4737 4935753
4738 4819467
4739 4479479
4740 4529067
4741 4891823
4742 4698572
4743 4635855
4744 5953550
4745 6277823
4746 6369315
4747 6357023
4748 5490922
4749 4734890
4750 5116013
4751 4786851
4752 4682229
4753 5135080
4754 4812274
4755 4523829
4756 4577677
4757 4706603
4758 4596883
4759 4588572
4760 4599118
4761 4724833
4762 4758496
4763 4572648
4764 5166019
4765 4856972
4766 4734401
4767 4580750
4768 4709746
4769 4550648
4770 5993289
4771 5662312
4772 4855854
4773 4557632
4774 4730490
4775 4519918
4776 4533887
4777 4675385
4778 4661067
4779 4537658
4780 4959849
4781 4676852
4782 4844541
4783 4668750
4784 4656388
4785 4610712
4786 4864794
4787 4559448
4788 4744178
4789 4554839
4790 4597163
4791 4668121
4792 4582845
4793 4519848
4794 4874502
4795 4684813
4796 4576769
4797 4539963
4798 4738591
4799 6170267
4800 5197868
4801 5028642
4802 4726509
4803 4700667
4804 4842933
4805 5016070
4806 5343906
4807 4708350
4808 5572147
4809 4867449
4810 5260794
4811 5504051
4812 4961664
4813 4660788
4814 5058185
4815 5666851
4816 4613785
4817 4640185
4818 4912566
4819 4442115
4820 4763525
4821 4610502
4822 4910540
4823 4706883
4824 4810249
4825 4415017
4826 4611270
4827 4839023
4828 4642210
4829 4478991
4830 4487441
4831 4597930
4832 4476547
4833 4461251
4834 5976178
4835 6319798
4836 6618649
4837 5109378
4838 4606312
4839 4637810
4840 4349575
4841 5723912
4842 4513703
4843 5669087
4844 4687607
4845 4739289
4846 4539474
4847 4774280
4848 4740826
4849 4446794
4850 4453568
4851 4589549
4852 4426540
4853 4567270
4854 4662744
4855 4537029
4856 4513353
4857 4419277
4858 4605613
4859 4454198
4860 4439810
4861 4767575
4862 4562521
4863 4557353
4864 4441137
4865 4591925
4866 4605823
4867 4718407
4868 4423328
4869 5362623
4870 4427658
4871 4437994
4872 4556096
4873 4406706
4874 4586407
4875 4389733
4876 4544503
4877 4375067
4878 4380375
4879 4547854
4880 4375836
4881 4397067
4882 4424724
4883 4566572
4884 4431918
4885 4397347
4886 4458877
4887 4408311
4888 4570623
4889 4418509
4890 4537518
4891 4583334
4892 4632013
4893 4432547
4894 4579842
4895 4436388
4896 4453639
4897 4588712
4898 4623562
4899 4465163
4900 4460623
4901 4601562
4902 4465232
4903 4471937
4904 4907606
4905 4578794
4906 4894337
4907 4572229
4908 4610083
4909 5049245
4910 4466979
4911 4612527
4912 4668750
4913 4832388
4914 4491842
4915 4632991
4916 4460064
4917 4430800
4918 4574045
4919 4441626
4920 4415366
4921 4392039
4922 4565874
4923 4746693
4924 4425562
4925 4556585
4926 4585918
4927 4965855
4928 6297588
4929 4587175
4930 4761220
4931 4799492
4932 5732502
4933 4477315
4934 4891543
4935 5047499
4936 4591435
4937 4416902
4938 4449867
4939 5331125
4940 5281398
4941 4525924
4942 4693543
4943 4553651
4944 4459016
4945 4851804
4946 4589131
4947 4693054
4948 5981347
4949 4612458
4950 4918782
4951 4960616
4952 5078928
4953 4766178
4954 4493379
4955 5012997
4956 4655061
4957 4619303
4958 4630267
4959 4765759
4960 4503156
4961 4492121
4962 4854458
4963 4436458
4964 4431708
4965 4493937
4966 4621887
4967 4491283
4968 4498407
4969 4610153
4970 4472216
4971 4610781
4972 5029201
4973 5078857
4974 4629638
4975 8568826
4976 7206153
4977 6349061
4978 6354508
4979 6365055
4980 6367988
4981 6269512
4982 6310230
4983 6312604
4984 6314001
4985 6288439
4986 6408357
4987 5021867
4988 4530674
4989 4494146
4990 4498338
4991 4506369
4992 4535633
4993 4714845
4994 4712051
4995 4563709
4996 4552883
4997 4548413
4998 4548204
4999 4562172
5000 4558959
