1 1
1 2
1 3
3 4
3 5
3 6
3 7
7 8
7 9
7 10
7 11
7 12
7 13
7 14
7 15
15 16
15 17
15 18
15 19
15 20
15 21
15 22
15 23
15 24
15 25
15 26
15 27
15 28
15 29
15 30
15 31
31 32
31 33
31 34
31 35
31 36
31 37
31 38
31 39
31 40
31 41
31 42
31 43
31 44
31 45
31 46
31 47
31 48
31 49
31 50
31 51
31 52
31 53
31 54
31 55
31 56
31 57
31 58
31 59
31 60
31 61
31 62
31 63
63 64
63 65
63 66
63 67
63 68
63 69
63 70
63 71
63 72
63 73
63 74
63 75
63 76
63 77
63 78
63 79
63 80
63 81
63 82
63 83
63 84
63 85
63 86
63 87
63 88
63 89
63 90
63 91
63 92
63 93
63 94
63 95
63 96
63 97
63 98
63 99
63 100
63 101
63 102
63 103
63 104
63 105
63 106
63 107
63 108
63 109
63 110
63 111
63 112
63 113
63 114
63 115
63 116
63 117
63 118
63 119
63 120
63 121
63 122
63 123
63 124
63 125
63 126
63 127
127 128
127 129
127 130
127 131
127 132
127 133
127 134
127 135
127 136
127 137
127 138
127 139
127 140
127 141
127 142
127 143
127 144
127 145
127 146
127 147
127 148
127 149
127 150
127 151
127 152
127 153
127 154
127 155
127 156
127 157
127 158
127 159
127 160
127 161
127 162
127 163
127 164
127 165
127 166
127 167
127 168
127 169
127 170
127 171
127 172
127 173
127 174
127 175
127 176
127 177
127 178
127 179
127 180
127 181
127 182
127 183
127 184
127 185
127 186
127 187
127 188
127 189
127 190
127 191
127 192
127 193
127 194
127 195
127 196
127 197
127 198
127 199
127 200
127 201
127 202
127 203
127 204
127 205
127 206
127 207
127 208
127 209
127 210
127 211
127 212
127 213
127 214
127 215
127 216
127 217
127 218
127 219
127 220
127 221
127 222
127 223
127 224
127 225
127 226
127 227
127 228
127 229
127 230
127 231
127 232
127 233
127 234
127 235
127 236
127 237
127 238
127 239
127 240
127 241
127 242
127 243
127 244
127 245
127 246
127 247
127 248
127 249
127 250
127 251
127 252
127 253
127 254
127 255
255 256
255 257
255 258
255 259
255 260
255 261
255 262
255 263
255 264
255 265
255 266
255 267
255 268
255 269
255 270
255 271
255 272
255 273
255 274
255 275
255 276
255 277
255 278
255 279
255 280
255 281
255 282
255 283
255 284
255 285
255 286
255 287
255 288
255 289
255 290
255 291
255 292
255 293
255 294
255 295
255 296
255 297
255 298
255 299
255 300
255 301
255 302
255 303
255 304
255 305
255 306
255 307
255 308
255 309
255 310
255 311
255 312
255 313
255 314
255 315
255 316
255 317
255 318
255 319
255 320
255 321
255 322
255 323
255 324
255 325
255 326
255 327
255 328
255 329
255 330
255 331
255 332
255 333
255 334
255 335
255 336
255 337
255 338
255 339
255 340
255 341
255 342
255 343
255 344
255 345
255 346
255 347
255 348
255 349
255 350
255 351
255 352
255 353
255 354
255 355
255 356
255 357
255 358
255 359
255 360
255 361
255 362
255 363
255 364
255 365
255 366
255 367
255 368
255 369
255 370
255 371
255 372
255 373
255 374
255 375
255 376
255 377
255 378
255 379
255 380
255 381
255 382
255 383
255 384
255 385
255 386
255 387
255 388
255 389
255 390
255 391
255 392
255 393
255 394
255 395
255 396
255 397
255 398
255 399
255 400
255 401
255 402
255 403
255 404
255 405
255 406
255 407
255 408
255 409
255 410
255 411
255 412
255 413
255 414
255 415
255 416
255 417
255 418
255 419
255 420
255 421
255 422
255 423
255 424
255 425
255 426
255 427
255 428
255 429
255 430
255 431
255 432
255 433
255 434
255 435
255 436
255 437
255 438
255 439
255 440
255 441
255 442
255 443
255 444
255 445
255 446
255 447
255 448
255 449
255 450
255 451
255 452
255 453
255 454
255 455
255 456
255 457
255 458
255 459
255 460
255 461
255 462
255 463
255 464
255 465
255 466
255 467
255 468
255 469
255 470
255 471
255 472
255 473
255 474
255 475
255 476
255 477
255 478
255 479
255 480
255 481
255 482
255 483
255 484
255 485
255 486
255 487
255 488
255 489
255 490
255 491
255 492
255 493
255 494
255 495
255 496
255 497
255 498
255 499
255 500
255 501
255 502
255 503
255 504
255 505
255 506
255 507
255 508
255 509
255 510
255 511
511 512
511 513
511 514
511 515
511 516
511 517
511 518
511 519
511 520
511 521
511 522
511 523
511 524
511 525
511 526
511 527
511 528
511 529
511 530
511 531
511 532
511 533
511 534
511 535
511 536
511 537
511 538
511 539
511 540
511 541
511 542
511 543
511 544
511 545
511 546
511 547
511 548
511 549
511 550
511 551
511 552
511 553
511 554
511 555
511 556
511 557
511 558
511 559
511 560
511 561
511 562
511 563
511 564
511 565
511 566
511 567
511 568
511 569
511 570
511 571
511 572
511 573
511 574
511 575
511 576
511 577
511 578
511 579
511 580
511 581
511 582
511 583
511 584
511 585
511 586
511 587
511 588
511 589
511 590
511 591
511 592
511 593
511 594
511 595
511 596
511 597
511 598
511 599
511 600
511 601
511 602
511 603
511 604
511 605
511 606
511 607
511 608
511 609
511 610
511 611
511 612
511 613
511 614
511 615
511 616
511 617
511 618
511 619
511 620
511 621
511 622
511 623
511 624
511 625
511 626
511 627
511 628
511 629
511 630
511 631
511 632
511 633
511 634
511 635
511 636
511 637
511 638
511 639
511 640
511 641
511 642
511 643
511 644
511 645
511 646
511 647
511 648
511 649
511 650
511 651
511 652
511 653
511 654
511 655
511 656
511 657
511 658
511 659
511 660
511 661
511 662
511 663
511 664
511 665
511 666
511 667
511 668
511 669
511 670
511 671
511 672
511 673
511 674
511 675
511 676
511 677
511 678
511 679
511 680
511 681
511 682
511 683
511 684
511 685
511 686
511 687
511 688
511 689
511 690
511 691
511 692
511 693
511 694
511 695
511 696
511 697
511 698
511 699
511 700
511 701
511 702
511 703
511 704
511 705
511 706
511 707
511 708
511 709
511 710
511 711
511 712
511 713
511 714
511 715
511 716
511 717
511 718
511 719
511 720
511 721
511 722
511 723
511 724
511 725
511 726
511 727
511 728
511 729
511 730
511 731
511 732
511 733
511 734
511 735
511 736
511 737
511 738
511 739
511 740
511 741
511 742
511 743
511 744
511 745
511 746
511 747
511 748
511 749
511 750
511 751
511 752
511 753
511 754
511 755
511 756
511 757
511 758
511 759
511 760
511 761
511 762
511 763
511 764
511 765
511 766
511 767
511 768
511 769
511 770
511 771
511 772
511 773
511 774
511 775
511 776
511 777
511 778
511 779
511 780
511 781
511 782
511 783
511 784
511 785
511 786
511 787
511 788
511 789
511 790
511 791
511 792
511 793
511 794
511 795
511 796
511 797
511 798
511 799
511 800
511 801
511 802
511 803
511 804
511 805
511 806
511 807
511 808
511 809
511 810
511 811
511 812
511 813
511 814
511 815
511 816
511 817
511 818
511 819
511 820
511 821
511 822
511 823
511 824
511 825
511 826
511 827
511 828
511 829
511 830
511 831
511 832
511 833
511 834
511 835
511 836
511 837
511 838
511 839
511 840
511 841
511 842
511 843
511 844
511 845
511 846
511 847
511 848
511 849
511 850
511 851
511 852
511 853
511 854
511 855
511 856
511 857
511 858
511 859
511 860
511 861
511 862
511 863
511 864
511 865
511 866
511 867
511 868
511 869
511 870
511 871
511 872
511 873
511 874
511 875
511 876
511 877
511 878
511 879
511 880
511 881
511 882
511 883
511 884
511 885
511 886
511 887
511 888
511 889
511 890
511 891
511 892
511 893
511 894
511 895
511 896
511 897
511 898
511 899
511 900
511 901
511 902
511 903
511 904
511 905
511 906
511 907
511 908
511 909
511 910
511 911
511 912
511 913
511 914
511 915
511 916
511 917
511 918
511 919
511 920
511 921
511 922
511 923
511 924
511 925
511 926
511 927
511 928
511 929
511 930
511 931
511 932
511 933
511 934
511 935
511 936
511 937
511 938
511 939
511 940
511 941
511 942
511 943
511 944
511 945
511 946
511 947
511 948
511 949
511 950
511 951
511 952
511 953
511 954
511 955
511 956
511 957
511 958
511 959
511 960
511 961
511 962
511 963
511 964
511 965
511 966
511 967
511 968
511 969
511 970
511 971
511 972
511 973
511 974
511 975
511 976
511 977
511 978
511 979
511 980
511 981
511 982
511 983
511 984
511 985
511 986
511 987
511 988
511 989
511 990
511 991
511 992
511 993
511 994
511 995
511 996
511 997
511 998
511 999
511 1000
511 1001
511 1002
511 1003
511 1004
511 1005
511 1006
511 1007
511 1008
511 1009
511 1010
511 1011
511 1012
511 1013
511 1014
511 1015
511 1016
511 1017
511 1018
511 1019
511 1020
511 1021
511 1022
511 1023
1023 1024
1023 1025
1023 1026
1023 1027
1023 1028
1023 1029
1023 1030
1023 1031
1023 1032
1023 1033
1023 1034
1023 1035
1023 1036
1023 1037
1023 1038
1023 1039
1023 1040
1023 1041
1023 1042
1023 1043
1023 1044
1023 1045
1023 1046
1023 1047
1023 1048
1023 1049
1023 1050
1023 1051
1023 1052
1023 1053
1023 1054
1023 1055
1023 1056
1023 1057
1023 1058
1023 1059
1023 1060
1023 1061
1023 1062
1023 1063
1023 1064
1023 1065
1023 1066
1023 1067
1023 1068
1023 1069
1023 1070
1023 1071
1023 1072
1023 1073
1023 1074
1023 1075
1023 1076
1023 1077
1023 1078
1023 1079
1023 1080
1023 1081
1023 1082
1023 1083
1023 1084
1023 1085
1023 1086
1023 1087
1023 1088
1023 1089
1023 1090
1023 1091
1023 1092
1023 1093
1023 1094
1023 1095
1023 1096
1023 1097
1023 1098
1023 1099
1023 1100
1023 1101
1023 1102
1023 1103
1023 1104
1023 1105
1023 1106
1023 1107
1023 1108
1023 1109
1023 1110
1023 1111
1023 1112
1023 1113
1023 1114
1023 1115
1023 1116
1023 1117
1023 1118
1023 1119
1023 1120
1023 1121
1023 1122
1023 1123
1023 1124
1023 1125
1023 1126
1023 1127
1023 1128
1023 1129
1023 1130
1023 1131
1023 1132
1023 1133
1023 1134
1023 1135
1023 1136
1023 1137
1023 1138
1023 1139
1023 1140
1023 1141
1023 1142
1023 1143
1023 1144
1023 1145
1023 1146
1023 1147
1023 1148
1023 1149
1023 1150
1023 1151
1023 1152
1023 1153
1023 1154
1023 1155
1023 1156
1023 1157
1023 1158
1023 1159
1023 1160
1023 1161
1023 1162
1023 1163
1023 1164
1023 1165
1023 1166
1023 1167
1023 1168
1023 1169
1023 1170
1023 1171
1023 1172
1023 1173
1023 1174
1023 1175
1023 1176
1023 1177
1023 1178
1023 1179
1023 1180
1023 1181
1023 1182
1023 1183
1023 1184
1023 1185
1023 1186
1023 1187
1023 1188
1023 1189
1023 1190
1023 1191
1023 1192
1023 1193
1023 1194
1023 1195
1023 1196
1023 1197
1023 1198
1023 1199
1023 1200
1023 1201
1023 1202
1023 1203
1023 1204
1023 1205
1023 1206
1023 1207
1023 1208
1023 1209
1023 1210
1023 1211
1023 1212
1023 1213
1023 1214
1023 1215
1023 1216
1023 1217
1023 1218
1023 1219
1023 1220
1023 1221
1023 1222
1023 1223
1023 1224
1023 1225
1023 1226
1023 1227
1023 1228
1023 1229
1023 1230
1023 1231
1023 1232
1023 1233
1023 1234
1023 1235
1023 1236
1023 1237
1023 1238
1023 1239
1023 1240
1023 1241
1023 1242
1023 1243
1023 1244
1023 1245
1023 1246
1023 1247
1023 1248
1023 1249
1023 1250
1023 1251
1023 1252
1023 1253
1023 1254
1023 1255
1023 1256
1023 1257
1023 1258
1023 1259
1023 1260
1023 1261
1023 1262
1023 1263
1023 1264
1023 1265
1023 1266
1023 1267
1023 1268
1023 1269
1023 1270
1023 1271
1023 1272
1023 1273
1023 1274
1023 1275
1023 1276
1023 1277
1023 1278
1023 1279
1023 1280
1023 1281
1023 1282
1023 1283
1023 1284
1023 1285
1023 1286
1023 1287
1023 1288
1023 1289
1023 1290
1023 1291
1023 1292
1023 1293
1023 1294
1023 1295
1023 1296
1023 1297
1023 1298
1023 1299
1023 1300
1023 1301
1023 1302
1023 1303
1023 1304
1023 1305
1023 1306
1023 1307
1023 1308
1023 1309
1023 1310
1023 1311
1023 1312
1023 1313
1023 1314
1023 1315
1023 1316
1023 1317
1023 1318
1023 1319
1023 1320
1023 1321
1023 1322
1023 1323
1023 1324
1023 1325
1023 1326
1023 1327
1023 1328
1023 1329
1023 1330
1023 1331
1023 1332
1023 1333
1023 1334
1023 1335
1023 1336
1023 1337
1023 1338
1023 1339
1023 1340
1023 1341
1023 1342
1023 1343
1023 1344
1023 1345
1023 1346
1023 1347
1023 1348
1023 1349
1023 1350
1023 1351
1023 1352
1023 1353
1023 1354
1023 1355
1023 1356
1023 1357
1023 1358
1023 1359
1023 1360
1023 1361
1023 1362
1023 1363
1023 1364
1023 1365
1023 1366
1023 1367
1023 1368
1023 1369
1023 1370
1023 1371
1023 1372
1023 1373
1023 1374
1023 1375
1023 1376
1023 1377
1023 1378
1023 1379
1023 1380
1023 1381
1023 1382
1023 1383
1023 1384
1023 1385
1023 1386
1023 1387
1023 1388
1023 1389
1023 1390
1023 1391
1023 1392
1023 1393
1023 1394
1023 1395
1023 1396
1023 1397
1023 1398
1023 1399
1023 1400
1023 1401
1023 1402
1023 1403
1023 1404
1023 1405
1023 1406
1023 1407
1023 1408
1023 1409
1023 1410
1023 1411
1023 1412
1023 1413
1023 1414
1023 1415
1023 1416
1023 1417
1023 1418
1023 1419
1023 1420
1023 1421
1023 1422
1023 1423
1023 1424
1023 1425
1023 1426
1023 1427
1023 1428
1023 1429
1023 1430
1023 1431
1023 1432
1023 1433
1023 1434
1023 1435
1023 1436
1023 1437
1023 1438
1023 1439
1023 1440
1023 1441
1023 1442
1023 1443
1023 1444
1023 1445
1023 1446
1023 1447
1023 1448
1023 1449
1023 1450
1023 1451
1023 1452
1023 1453
1023 1454
1023 1455
1023 1456
1023 1457
1023 1458
1023 1459
1023 1460
1023 1461
1023 1462
1023 1463
1023 1464
1023 1465
1023 1466
1023 1467
1023 1468
1023 1469
1023 1470
1023 1471
1023 1472
1023 1473
1023 1474
1023 1475
1023 1476
1023 1477
1023 1478
1023 1479
1023 1480
1023 1481
1023 1482
1023 1483
1023 1484
1023 1485
1023 1486
1023 1487
1023 1488
1023 1489
1023 1490
1023 1491
1023 1492
1023 1493
1023 1494
1023 1495
1023 1496
1023 1497
1023 1498
1023 1499
1023 1500
1023 1501
1023 1502
1023 1503
1023 1504
1023 1505
1023 1506
1023 1507
1023 1508
1023 1509
1023 1510
1023 1511
1023 1512
1023 1513
1023 1514
1023 1515
1023 1516
1023 1517
1023 1518
1023 1519
1023 1520
1023 1521
1023 1522
1023 1523
1023 1524
1023 1525
1023 1526
1023 1527
1023 1528
1023 1529
1023 1530
1023 1531
1023 1532
1023 1533
1023 1534
1023 1535
1023 1536
1023 1537
1023 1538
1023 1539
1023 1540
1023 1541
1023 1542
1023 1543
1023 1544
1023 1545
1023 1546
1023 1547
1023 1548
1023 1549
1023 1550
1023 1551
1023 1552
1023 1553
1023 1554
1023 1555
1023 1556
1023 1557
1023 1558
1023 1559
1023 1560
1023 1561
1023 1562
1023 1563
1023 1564
1023 1565
1023 1566
1023 1567
1023 1568
1023 1569
1023 1570
1023 1571
1023 1572
1023 1573
1023 1574
1023 1575
1023 1576
1023 1577
1023 1578
1023 1579
1023 1580
1023 1581
1023 1582
1023 1583
1023 1584
1023 1585
1023 1586
1023 1587
1023 1588
1023 1589
1023 1590
1023 1591
1023 1592
1023 1593
1023 1594
1023 1595
1023 1596
1023 1597
1023 1598
1023 1599
1023 1600
1023 1601
1023 1602
1023 1603
1023 1604
1023 1605
1023 1606
1023 1607
1023 1608
1023 1609
1023 1610
1023 1611
1023 1612
1023 1613
1023 1614
1023 1615
1023 1616
1023 1617
1023 1618
1023 1619
1023 1620
1023 1621
1023 1622
1023 1623
1023 1624
1023 1625
1023 1626
1023 1627
1023 1628
1023 1629
1023 1630
1023 1631
1023 1632
1023 1633
1023 1634
1023 1635
1023 1636
1023 1637
1023 1638
1023 1639
1023 1640
1023 1641
1023 1642
1023 1643
1023 1644
1023 1645
1023 1646
1023 1647
1023 1648
1023 1649
1023 1650
1023 1651
1023 1652
1023 1653
1023 1654
1023 1655
1023 1656
1023 1657
1023 1658
1023 1659
1023 1660
1023 1661
1023 1662
1023 1663
1023 1664
1023 1665
1023 1666
1023 1667
1023 1668
1023 1669
1023 1670
1023 1671
1023 1672
1023 1673
1023 1674
1023 1675
1023 1676
1023 1677
1023 1678
1023 1679
1023 1680
1023 1681
1023 1682
1023 1683
1023 1684
1023 1685
1023 1686
1023 1687
1023 1688
1023 1689
1023 1690
1023 1691
1023 1692
1023 1693
1023 1694
1023 1695
1023 1696
1023 1697
1023 1698
1023 1699
1023 1700
1023 1701
1023 1702
1023 1703
1023 1704
1023 1705
1023 1706
1023 1707
1023 1708
1023 1709
1023 1710
1023 1711
1023 1712
1023 1713
1023 1714
1023 1715
1023 1716
1023 1717
1023 1718
1023 1719
1023 1720
1023 1721
1023 1722
1023 1723
1023 1724
1023 1725
1023 1726
1023 1727
1023 1728
1023 1729
1023 1730
1023 1731
1023 1732
1023 1733
1023 1734
1023 1735
1023 1736
1023 1737
1023 1738
1023 1739
1023 1740
1023 1741
1023 1742
1023 1743
1023 1744
1023 1745
1023 1746
1023 1747
1023 1748
1023 1749
1023 1750
1023 1751
1023 1752
1023 1753
1023 1754
1023 1755
1023 1756
1023 1757
1023 1758
1023 1759
1023 1760
1023 1761
1023 1762
1023 1763
1023 1764
1023 1765
1023 1766
1023 1767
1023 1768
1023 1769
1023 1770
1023 1771
1023 1772
1023 1773
1023 1774
1023 1775
1023 1776
1023 1777
1023 1778
1023 1779
1023 1780
1023 1781
1023 1782
1023 1783
1023 1784
1023 1785
1023 1786
1023 1787
1023 1788
1023 1789
1023 1790
1023 1791
1023 1792
1023 1793
1023 1794
1023 1795
1023 1796
1023 1797
1023 1798
1023 1799
1023 1800
1023 1801
1023 1802
1023 1803
1023 1804
1023 1805
1023 1806
1023 1807
1023 1808
1023 1809
1023 1810
1023 1811
1023 1812
1023 1813
1023 1814
1023 1815
1023 1816
1023 1817
1023 1818
1023 1819
1023 1820
1023 1821
1023 1822
1023 1823
1023 1824
1023 1825
1023 1826
1023 1827
1023 1828
1023 1829
1023 1830
1023 1831
1023 1832
1023 1833
1023 1834
1023 1835
1023 1836
1023 1837
1023 1838
1023 1839
1023 1840
1023 1841
1023 1842
1023 1843
1023 1844
1023 1845
1023 1846
1023 1847
1023 1848
1023 1849
1023 1850
1023 1851
1023 1852
1023 1853
1023 1854
1023 1855
1023 1856
1023 1857
1023 1858
1023 1859
1023 1860
1023 1861
1023 1862
1023 1863
1023 1864
1023 1865
1023 1866
1023 1867
1023 1868
1023 1869
1023 1870
1023 1871
1023 1872
1023 1873
1023 1874
1023 1875
1023 1876
1023 1877
1023 1878
1023 1879
1023 1880
1023 1881
1023 1882
1023 1883
1023 1884
1023 1885
1023 1886
1023 1887
1023 1888
1023 1889
1023 1890
1023 1891
1023 1892
1023 1893
1023 1894
1023 1895
1023 1896
1023 1897
1023 1898
1023 1899
1023 1900
1023 1901
1023 1902
1023 1903
1023 1904
1023 1905
1023 1906
1023 1907
1023 1908
1023 1909
1023 1910
1023 1911
1023 1912
1023 1913
1023 1914
1023 1915
1023 1916
1023 1917
1023 1918
1023 1919
1023 1920
1023 1921
1023 1922
1023 1923
1023 1924
1023 1925
1023 1926
1023 1927
1023 1928
1023 1929
1023 1930
1023 1931
1023 1932
1023 1933
1023 1934
1023 1935
1023 1936
1023 1937
1023 1938
1023 1939
1023 1940
1023 1941
1023 1942
1023 1943
1023 1944
1023 1945
1023 1946
1023 1947
1023 1948
1023 1949
1023 1950
1023 1951
1023 1952
1023 1953
1023 1954
1023 1955
1023 1956
1023 1957
1023 1958
1023 1959
1023 1960
1023 1961
1023 1962
1023 1963
1023 1964
1023 1965
1023 1966
1023 1967
1023 1968
1023 1969
1023 1970
1023 1971
1023 1972
1023 1973
1023 1974
1023 1975
1023 1976
1023 1977
1023 1978
1023 1979
1023 1980
1023 1981
1023 1982
1023 1983
1023 1984
1023 1985
1023 1986
1023 1987
1023 1988
1023 1989
1023 1990
1023 1991
1023 1992
1023 1993
1023 1994
1023 1995
1023 1996
1023 1997
1023 1998
1023 1999
1023 2000
1023 2001
1023 2002
1023 2003
1023 2004
1023 2005
1023 2006
1023 2007
1023 2008
1023 2009
1023 2010
1023 2011
1023 2012
1023 2013
1023 2014
1023 2015
1023 2016
1023 2017
1023 2018
1023 2019
1023 2020
1023 2021
1023 2022
1023 2023
1023 2024
1023 2025
1023 2026
1023 2027
1023 2028
1023 2029
1023 2030
1023 2031
1023 2032
1023 2033
1023 2034
1023 2035
1023 2036
1023 2037
1023 2038
1023 2039
1023 2040
1023 2041
1023 2042
1023 2043
1023 2044
1023 2045
1023 2046
1023 2047
2047 2048
2047 2049
2047 2050
2047 2051
2047 2052
2047 2053
2047 2054
2047 2055
2047 2056
2047 2057
2047 2058
2047 2059
2047 2060
2047 2061
2047 2062
2047 2063
2047 2064
2047 2065
2047 2066
2047 2067
2047 2068
2047 2069
2047 2070
2047 2071
2047 2072
2047 2073
2047 2074
2047 2075
2047 2076
2047 2077
2047 2078
2047 2079
2047 2080
2047 2081
2047 2082
2047 2083
2047 2084
2047 2085
2047 2086
2047 2087
2047 2088
2047 2089
2047 2090
2047 2091
2047 2092
2047 2093
2047 2094
2047 2095
2047 2096
2047 2097
2047 2098
2047 2099
2047 2100
2047 2101
2047 2102
2047 2103
2047 2104
2047 2105
2047 2106
2047 2107
2047 2108
2047 2109
2047 2110
2047 2111
2047 2112
2047 2113
2047 2114
2047 2115
2047 2116
2047 2117
2047 2118
2047 2119
2047 2120
2047 2121
2047 2122
2047 2123
2047 2124
2047 2125
2047 2126
2047 2127
2047 2128
2047 2129
2047 2130
2047 2131
2047 2132
2047 2133
2047 2134
2047 2135
2047 2136
2047 2137
2047 2138
2047 2139
2047 2140
2047 2141
2047 2142
2047 2143
2047 2144
2047 2145
2047 2146
2047 2147
2047 2148
2047 2149
2047 2150
2047 2151
2047 2152
2047 2153
2047 2154
2047 2155
2047 2156
2047 2157
2047 2158
2047 2159
2047 2160
2047 2161
2047 2162
2047 2163
2047 2164
2047 2165
2047 2166
2047 2167
2047 2168
2047 2169
2047 2170
2047 2171
2047 2172
2047 2173
2047 2174
2047 2175
2047 2176
2047 2177
2047 2178
2047 2179
2047 2180
2047 2181
2047 2182
2047 2183
2047 2184
2047 2185
2047 2186
2047 2187
2047 2188
2047 2189
2047 2190
2047 2191
2047 2192
2047 2193
2047 2194
2047 2195
2047 2196
2047 2197
2047 2198
2047 2199
2047 2200
2047 2201
2047 2202
2047 2203
2047 2204
2047 2205
2047 2206
2047 2207
2047 2208
2047 2209
2047 2210
2047 2211
2047 2212
2047 2213
2047 2214
2047 2215
2047 2216
2047 2217
2047 2218
2047 2219
2047 2220
2047 2221
2047 2222
2047 2223
2047 2224
2047 2225
2047 2226
2047 2227
2047 2228
2047 2229
2047 2230
2047 2231
2047 2232
2047 2233
2047 2234
2047 2235
2047 2236
2047 2237
2047 2238
2047 2239
2047 2240
2047 2241
2047 2242
2047 2243
2047 2244
2047 2245
2047 2246
2047 2247
2047 2248
2047 2249
2047 2250
2047 2251
2047 2252
2047 2253
2047 2254
2047 2255
2047 2256
2047 2257
2047 2258
2047 2259
2047 2260
2047 2261
2047 2262
2047 2263
2047 2264
2047 2265
2047 2266
2047 2267
2047 2268
2047 2269
2047 2270
2047 2271
2047 2272
2047 2273
2047 2274
2047 2275
2047 2276
2047 2277
2047 2278
2047 2279
2047 2280
2047 2281
2047 2282
2047 2283
2047 2284
2047 2285
2047 2286
2047 2287
2047 2288
2047 2289
2047 2290
2047 2291
2047 2292
2047 2293
2047 2294
2047 2295
2047 2296
2047 2297
2047 2298
2047 2299
2047 2300
2047 2301
2047 2302
2047 2303
2047 2304
2047 2305
2047 2306
2047 2307
2047 2308
2047 2309
2047 2310
2047 2311
2047 2312
2047 2313
2047 2314
2047 2315
2047 2316
2047 2317
2047 2318
2047 2319
2047 2320
2047 2321
2047 2322
2047 2323
2047 2324
2047 2325
2047 2326
2047 2327
2047 2328
2047 2329
2047 2330
2047 2331
2047 2332
2047 2333
2047 2334
2047 2335
2047 2336
2047 2337
2047 2338
2047 2339
2047 2340
2047 2341
2047 2342
2047 2343
2047 2344
2047 2345
2047 2346
2047 2347
2047 2348
2047 2349
2047 2350
2047 2351
2047 2352
2047 2353
2047 2354
2047 2355
2047 2356
2047 2357
2047 2358
2047 2359
2047 2360
2047 2361
2047 2362
2047 2363
2047 2364
2047 2365
2047 2366
2047 2367
2047 2368
2047 2369
2047 2370
2047 2371
2047 2372
2047 2373
2047 2374
2047 2375
2047 2376
2047 2377
2047 2378
2047 2379
2047 2380
2047 2381
2047 2382
2047 2383
2047 2384
2047 2385
2047 2386
2047 2387
2047 2388
2047 2389
2047 2390
2047 2391
2047 2392
2047 2393
2047 2394
2047 2395
2047 2396
2047 2397
2047 2398
2047 2399
2047 2400
2047 2401
2047 2402
2047 2403
2047 2404
2047 2405
2047 2406
2047 2407
2047 2408
2047 2409
2047 2410
2047 2411
2047 2412
2047 2413
2047 2414
2047 2415
2047 2416
2047 2417
2047 2418
2047 2419
2047 2420
2047 2421
2047 2422
2047 2423
2047 2424
2047 2425
2047 2426
2047 2427
2047 2428
2047 2429
2047 2430
2047 2431
2047 2432
2047 2433
2047 2434
2047 2435
2047 2436
2047 2437
2047 2438
2047 2439
2047 2440
2047 2441
2047 2442
2047 2443
2047 2444
2047 2445
2047 2446
2047 2447
2047 2448
2047 2449
2047 2450
2047 2451
2047 2452
2047 2453
2047 2454
2047 2455
2047 2456
2047 2457
2047 2458
2047 2459
2047 2460
2047 2461
2047 2462
2047 2463
2047 2464
2047 2465
2047 2466
2047 2467
2047 2468
2047 2469
2047 2470
2047 2471
2047 2472
2047 2473
2047 2474
2047 2475
2047 2476
2047 2477
2047 2478
2047 2479
2047 2480
2047 2481
2047 2482
2047 2483
2047 2484
2047 2485
2047 2486
2047 2487
2047 2488
2047 2489
2047 2490
2047 2491
2047 2492
2047 2493
2047 2494
2047 2495
2047 2496
2047 2497
2047 2498
2047 2499
2047 2500
2047 2501
2047 2502
2047 2503
2047 2504
2047 2505
2047 2506
2047 2507
2047 2508
2047 2509
2047 2510
2047 2511
2047 2512
2047 2513
2047 2514
2047 2515
2047 2516
2047 2517
2047 2518
2047 2519
2047 2520
2047 2521
2047 2522
2047 2523
2047 2524
2047 2525
2047 2526
2047 2527
2047 2528
2047 2529
2047 2530
2047 2531
2047 2532
2047 2533
2047 2534
2047 2535
2047 2536
2047 2537
2047 2538
2047 2539
2047 2540
2047 2541
2047 2542
2047 2543
2047 2544
2047 2545
2047 2546
2047 2547
2047 2548
2047 2549
2047 2550
2047 2551
2047 2552
2047 2553
2047 2554
2047 2555
2047 2556
2047 2557
2047 2558
2047 2559
2047 2560
2047 2561
2047 2562
2047 2563
2047 2564
2047 2565
2047 2566
2047 2567
2047 2568
2047 2569
2047 2570
2047 2571
2047 2572
2047 2573
2047 2574
2047 2575
2047 2576
2047 2577
2047 2578
2047 2579
2047 2580
2047 2581
2047 2582
2047 2583
2047 2584
2047 2585
2047 2586
2047 2587
2047 2588
2047 2589
2047 2590
2047 2591
2047 2592
2047 2593
2047 2594
2047 2595
2047 2596
2047 2597
2047 2598
2047 2599
2047 2600
2047 2601
2047 2602
2047 2603
2047 2604
2047 2605
2047 2606
2047 2607
2047 2608
2047 2609
2047 2610
2047 2611
2047 2612
2047 2613
2047 2614
2047 2615
2047 2616
2047 2617
2047 2618
2047 2619
2047 2620
2047 2621
2047 2622
2047 2623
2047 2624
2047 2625
2047 2626
2047 2627
2047 2628
2047 2629
2047 2630
2047 2631
2047 2632
2047 2633
2047 2634
2047 2635
2047 2636
2047 2637
2047 2638
2047 2639
2047 2640
2047 2641
2047 2642
2047 2643
2047 2644
2047 2645
2047 2646
2047 2647
2047 2648
2047 2649
2047 2650
2047 2651
2047 2652
2047 2653
2047 2654
2047 2655
2047 2656
2047 2657
2047 2658
2047 2659
2047 2660
2047 2661
2047 2662
2047 2663
2047 2664
2047 2665
2047 2666
2047 2667
2047 2668
2047 2669
2047 2670
2047 2671
2047 2672
2047 2673
2047 2674
2047 2675
2047 2676
2047 2677
2047 2678
2047 2679
2047 2680
2047 2681
2047 2682
2047 2683
2047 2684
2047 2685
2047 2686
2047 2687
2047 2688
2047 2689
2047 2690
2047 2691
2047 2692
2047 2693
2047 2694
2047 2695
2047 2696
2047 2697
2047 2698
2047 2699
2047 2700
2047 2701
2047 2702
2047 2703
2047 2704
2047 2705
2047 2706
2047 2707
2047 2708
2047 2709
2047 2710
2047 2711
2047 2712
2047 2713
2047 2714
2047 2715
2047 2716
2047 2717
2047 2718
2047 2719
2047 2720
2047 2721
2047 2722
2047 2723
2047 2724
2047 2725
2047 2726
2047 2727
2047 2728
2047 2729
2047 2730
2047 2731
2047 2732
2047 2733
2047 2734
2047 2735
2047 2736
2047 2737
2047 2738
2047 2739
2047 2740
2047 2741
2047 2742
2047 2743
2047 2744
2047 2745
2047 2746
2047 2747
2047 2748
2047 2749
2047 2750
2047 2751
2047 2752
2047 2753
2047 2754
2047 2755
2047 2756
2047 2757
2047 2758
2047 2759
2047 2760
2047 2761
2047 2762
2047 2763
2047 2764
2047 2765
2047 2766
2047 2767
2047 2768
2047 2769
2047 2770
2047 2771
2047 2772
2047 2773
2047 2774
2047 2775
2047 2776
2047 2777
2047 2778
2047 2779
2047 2780
2047 2781
2047 2782
2047 2783
2047 2784
2047 2785
2047 2786
2047 2787
2047 2788
2047 2789
2047 2790
2047 2791
2047 2792
2047 2793
2047 2794
2047 2795
2047 2796
2047 2797
2047 2798
2047 2799
2047 2800
2047 2801
2047 2802
2047 2803
2047 2804
2047 2805
2047 2806
2047 2807
2047 2808
2047 2809
2047 2810
2047 2811
2047 2812
2047 2813
2047 2814
2047 2815
2047 2816
2047 2817
2047 2818
2047 2819
2047 2820
2047 2821
2047 2822
2047 2823
2047 2824
2047 2825
2047 2826
2047 2827
2047 2828
2047 2829
2047 2830
2047 2831
2047 2832
2047 2833
2047 2834
2047 2835
2047 2836
2047 2837
2047 2838
2047 2839
2047 2840
2047 2841
2047 2842
2047 2843
2047 2844
2047 2845
2047 2846
2047 2847
2047 2848
2047 2849
2047 2850
2047 2851
2047 2852
2047 2853
2047 2854
2047 2855
2047 2856
2047 2857
2047 2858
2047 2859
2047 2860
2047 2861
2047 2862
2047 2863
2047 2864
2047 2865
2047 2866
2047 2867
2047 2868
2047 2869
2047 2870
2047 2871
2047 2872
2047 2873
2047 2874
2047 2875
2047 2876
2047 2877
2047 2878
2047 2879
2047 2880
2047 2881
2047 2882
2047 2883
2047 2884
2047 2885
2047 2886
2047 2887
2047 2888
2047 2889
2047 2890
2047 2891
2047 2892
2047 2893
2047 2894
2047 2895
2047 2896
2047 2897
2047 2898
2047 2899
2047 2900
2047 2901
2047 2902
2047 2903
2047 2904
2047 2905
2047 2906
2047 2907
2047 2908
2047 2909
2047 2910
2047 2911
2047 2912
2047 2913
2047 2914
2047 2915
2047 2916
2047 2917
2047 2918
2047 2919
2047 2920
2047 2921
2047 2922
2047 2923
2047 2924
2047 2925
2047 2926
2047 2927
2047 2928
2047 2929
2047 2930
2047 2931
2047 2932
2047 2933
2047 2934
2047 2935
2047 2936
2047 2937
2047 2938
2047 2939
2047 2940
2047 2941
2047 2942
2047 2943
2047 2944
2047 2945
2047 2946
2047 2947
2047 2948
2047 2949
2047 2950
2047 2951
2047 2952
2047 2953
2047 2954
2047 2955
2047 2956
2047 2957
2047 2958
2047 2959
2047 2960
2047 2961
2047 2962
2047 2963
2047 2964
2047 2965
2047 2966
2047 2967
2047 2968
2047 2969
2047 2970
2047 2971
2047 2972
2047 2973
2047 2974
2047 2975
2047 2976
2047 2977
2047 2978
2047 2979
2047 2980
2047 2981
2047 2982
2047 2983
2047 2984
2047 2985
2047 2986
2047 2987
2047 2988
2047 2989
2047 2990
2047 2991
2047 2992
2047 2993
2047 2994
2047 2995
2047 2996
2047 2997
2047 2998
2047 2999
2047 3000
2047 3001
2047 3002
2047 3003
2047 3004
2047 3005
2047 3006
2047 3007
2047 3008
2047 3009
2047 3010
2047 3011
2047 3012
2047 3013
2047 3014
2047 3015
2047 3016
2047 3017
2047 3018
2047 3019
2047 3020
2047 3021
2047 3022
2047 3023
2047 3024
2047 3025
2047 3026
2047 3027
2047 3028
2047 3029
2047 3030
2047 3031
2047 3032
2047 3033
2047 3034
2047 3035
2047 3036
2047 3037
2047 3038
2047 3039
2047 3040
2047 3041
2047 3042
2047 3043
2047 3044
2047 3045
2047 3046
2047 3047
2047 3048
2047 3049
2047 3050
2047 3051
2047 3052
2047 3053
2047 3054
2047 3055
2047 3056
2047 3057
2047 3058
2047 3059
2047 3060
2047 3061
2047 3062
2047 3063
2047 3064
2047 3065
2047 3066
2047 3067
2047 3068
2047 3069
2047 3070
2047 3071
2047 3072
2047 3073
2047 3074
2047 3075
2047 3076
2047 3077
2047 3078
2047 3079
2047 3080
2047 3081
2047 3082
2047 3083
2047 3084
2047 3085
2047 3086
2047 3087
2047 3088
2047 3089
2047 3090
2047 3091
2047 3092
2047 3093
2047 3094
2047 3095
2047 3096
2047 3097
2047 3098
2047 3099
2047 3100
2047 3101
2047 3102
2047 3103
2047 3104
2047 3105
2047 3106
2047 3107
2047 3108
2047 3109
2047 3110
2047 3111
2047 3112
2047 3113
2047 3114
2047 3115
2047 3116
2047 3117
2047 3118
2047 3119
2047 3120
2047 3121
2047 3122
2047 3123
2047 3124
2047 3125
2047 3126
2047 3127
2047 3128
2047 3129
2047 3130
2047 3131
2047 3132
2047 3133
2047 3134
2047 3135
2047 3136
2047 3137
2047 3138
2047 3139
2047 3140
2047 3141
2047 3142
2047 3143
2047 3144
2047 3145
2047 3146
2047 3147
2047 3148
2047 3149
2047 3150
2047 3151
2047 3152
2047 3153
2047 3154
2047 3155
2047 3156
2047 3157
2047 3158
2047 3159
2047 3160
2047 3161
2047 3162
2047 3163
2047 3164
2047 3165
2047 3166
2047 3167
2047 3168
2047 3169
2047 3170
2047 3171
2047 3172
2047 3173
2047 3174
2047 3175
2047 3176
2047 3177
2047 3178
2047 3179
2047 3180
2047 3181
2047 3182
2047 3183
2047 3184
2047 3185
2047 3186
2047 3187
2047 3188
2047 3189
2047 3190
2047 3191
2047 3192
2047 3193
2047 3194
2047 3195
2047 3196
2047 3197
2047 3198
2047 3199
2047 3200
2047 3201
2047 3202
2047 3203
2047 3204
2047 3205
2047 3206
2047 3207
2047 3208
2047 3209
2047 3210
2047 3211
2047 3212
2047 3213
2047 3214
2047 3215
2047 3216
2047 3217
2047 3218
2047 3219
2047 3220
2047 3221
2047 3222
2047 3223
2047 3224
2047 3225
2047 3226
2047 3227
2047 3228
2047 3229
2047 3230
2047 3231
2047 3232
2047 3233
2047 3234
2047 3235
2047 3236
2047 3237
2047 3238
2047 3239
2047 3240
2047 3241
2047 3242
2047 3243
2047 3244
2047 3245
2047 3246
2047 3247
2047 3248
2047 3249
2047 3250
2047 3251
2047 3252
2047 3253
2047 3254
2047 3255
2047 3256
2047 3257
2047 3258
2047 3259
2047 3260
2047 3261
2047 3262
2047 3263
2047 3264
2047 3265
2047 3266
2047 3267
2047 3268
2047 3269
2047 3270
2047 3271
2047 3272
2047 3273
2047 3274
2047 3275
2047 3276
2047 3277
2047 3278
2047 3279
2047 3280
2047 3281
2047 3282
2047 3283
2047 3284
2047 3285
2047 3286
2047 3287
2047 3288
2047 3289
2047 3290
2047 3291
2047 3292
2047 3293
2047 3294
2047 3295
2047 3296
2047 3297
2047 3298
2047 3299
2047 3300
2047 3301
2047 3302
2047 3303
2047 3304
2047 3305
2047 3306
2047 3307
2047 3308
2047 3309
2047 3310
2047 3311
2047 3312
2047 3313
2047 3314
2047 3315
2047 3316
2047 3317
2047 3318
2047 3319
2047 3320
2047 3321
2047 3322
2047 3323
2047 3324
2047 3325
2047 3326
2047 3327
2047 3328
2047 3329
2047 3330
2047 3331
2047 3332
2047 3333
2047 3334
2047 3335
2047 3336
2047 3337
2047 3338
2047 3339
2047 3340
2047 3341
2047 3342
2047 3343
2047 3344
2047 3345
2047 3346
2047 3347
2047 3348
2047 3349
2047 3350
2047 3351
2047 3352
2047 3353
2047 3354
2047 3355
2047 3356
2047 3357
2047 3358
2047 3359
2047 3360
2047 3361
2047 3362
2047 3363
2047 3364
2047 3365
2047 3366
2047 3367
2047 3368
2047 3369
2047 3370
2047 3371
2047 3372
2047 3373
2047 3374
2047 3375
2047 3376
2047 3377
2047 3378
2047 3379
2047 3380
2047 3381
2047 3382
2047 3383
2047 3384
2047 3385
2047 3386
2047 3387
2047 3388
2047 3389
2047 3390
2047 3391
2047 3392
2047 3393
2047 3394
2047 3395
2047 3396
2047 3397
2047 3398
2047 3399
2047 3400
2047 3401
2047 3402
2047 3403
2047 3404
2047 3405
2047 3406
2047 3407
2047 3408
2047 3409
2047 3410
2047 3411
2047 3412
2047 3413
2047 3414
2047 3415
2047 3416
2047 3417
2047 3418
2047 3419
2047 3420
2047 3421
2047 3422
2047 3423
2047 3424
2047 3425
2047 3426
2047 3427
2047 3428
2047 3429
2047 3430
2047 3431
2047 3432
2047 3433
2047 3434
2047 3435
2047 3436
2047 3437
2047 3438
2047 3439
2047 3440
2047 3441
2047 3442
2047 3443
2047 3444
2047 3445
2047 3446
2047 3447
2047 3448
2047 3449
2047 3450
2047 3451
2047 3452
2047 3453
2047 3454
2047 3455
2047 3456
2047 3457
2047 3458
2047 3459
2047 3460
2047 3461
2047 3462
2047 3463
2047 3464
2047 3465
2047 3466
2047 3467
2047 3468
2047 3469
2047 3470
2047 3471
2047 3472
2047 3473
2047 3474
2047 3475
2047 3476
2047 3477
2047 3478
2047 3479
2047 3480
2047 3481
2047 3482
2047 3483
2047 3484
2047 3485
2047 3486
2047 3487
2047 3488
2047 3489
2047 3490
2047 3491
2047 3492
2047 3493
2047 3494
2047 3495
2047 3496
2047 3497
2047 3498
2047 3499
2047 3500
2047 3501
2047 3502
2047 3503
2047 3504
2047 3505
2047 3506
2047 3507
2047 3508
2047 3509
2047 3510
2047 3511
2047 3512
2047 3513
2047 3514
2047 3515
2047 3516
2047 3517
2047 3518
2047 3519
2047 3520
2047 3521
2047 3522
2047 3523
2047 3524
2047 3525
2047 3526
2047 3527
2047 3528
2047 3529
2047 3530
2047 3531
2047 3532
2047 3533
2047 3534
2047 3535
2047 3536
2047 3537
2047 3538
2047 3539
2047 3540
2047 3541
2047 3542
2047 3543
2047 3544
2047 3545
2047 3546
2047 3547
2047 3548
2047 3549
2047 3550
2047 3551
2047 3552
2047 3553
2047 3554
2047 3555
2047 3556
2047 3557
2047 3558
2047 3559
2047 3560
2047 3561
2047 3562
2047 3563
2047 3564
2047 3565
2047 3566
2047 3567
2047 3568
2047 3569
2047 3570
2047 3571
2047 3572
2047 3573
2047 3574
2047 3575
2047 3576
2047 3577
2047 3578
2047 3579
2047 3580
2047 3581
2047 3582
2047 3583
2047 3584
2047 3585
2047 3586
2047 3587
2047 3588
2047 3589
2047 3590
2047 3591
2047 3592
2047 3593
2047 3594
2047 3595
2047 3596
2047 3597
2047 3598
2047 3599
2047 3600
2047 3601
2047 3602
2047 3603
2047 3604
2047 3605
2047 3606
2047 3607
2047 3608
2047 3609
2047 3610
2047 3611
2047 3612
2047 3613
2047 3614
2047 3615
2047 3616
2047 3617
2047 3618
2047 3619
2047 3620
2047 3621
2047 3622
2047 3623
2047 3624
2047 3625
2047 3626
2047 3627
2047 3628
2047 3629
2047 3630
2047 3631
2047 3632
2047 3633
2047 3634
2047 3635
2047 3636
2047 3637
2047 3638
2047 3639
2047 3640
2047 3641
2047 3642
2047 3643
2047 3644
2047 3645
2047 3646
2047 3647
2047 3648
2047 3649
2047 3650
2047 3651
2047 3652
2047 3653
2047 3654
2047 3655
2047 3656
2047 3657
2047 3658
2047 3659
2047 3660
2047 3661
2047 3662
2047 3663
2047 3664
2047 3665
2047 3666
2047 3667
2047 3668
2047 3669
2047 3670
2047 3671
2047 3672
2047 3673
2047 3674
2047 3675
2047 3676
2047 3677
2047 3678
2047 3679
2047 3680
2047 3681
2047 3682
2047 3683
2047 3684
2047 3685
2047 3686
2047 3687
2047 3688
2047 3689
2047 3690
2047 3691
2047 3692
2047 3693
2047 3694
2047 3695
2047 3696
2047 3697
2047 3698
2047 3699
2047 3700
2047 3701
2047 3702
2047 3703
2047 3704
2047 3705
2047 3706
2047 3707
2047 3708
2047 3709
2047 3710
2047 3711
2047 3712
2047 3713
2047 3714
2047 3715
2047 3716
2047 3717
2047 3718
2047 3719
2047 3720
2047 3721
2047 3722
2047 3723
2047 3724
2047 3725
2047 3726
2047 3727
2047 3728
2047 3729
2047 3730
2047 3731
2047 3732
2047 3733
2047 3734
2047 3735
2047 3736
2047 3737
2047 3738
2047 3739
2047 3740
2047 3741
2047 3742
2047 3743
2047 3744
2047 3745
2047 3746
2047 3747
2047 3748
2047 3749
2047 3750
2047 3751
2047 3752
2047 3753
2047 3754
2047 3755
2047 3756
2047 3757
2047 3758
2047 3759
2047 3760
2047 3761
2047 3762
2047 3763
2047 3764
2047 3765
2047 3766
2047 3767
2047 3768
2047 3769
2047 3770
2047 3771
2047 3772
2047 3773
2047 3774
2047 3775
2047 3776
2047 3777
2047 3778
2047 3779
2047 3780
2047 3781
2047 3782
2047 3783
2047 3784
2047 3785
2047 3786
2047 3787
2047 3788
2047 3789
2047 3790
2047 3791
2047 3792
2047 3793
2047 3794
2047 3795
2047 3796
2047 3797
2047 3798
2047 3799
2047 3800
2047 3801
2047 3802
2047 3803
2047 3804
2047 3805
2047 3806
2047 3807
2047 3808
2047 3809
2047 3810
2047 3811
2047 3812
2047 3813
2047 3814
2047 3815
2047 3816
2047 3817
2047 3818
2047 3819
2047 3820
2047 3821
2047 3822
2047 3823
2047 3824
2047 3825
2047 3826
2047 3827
2047 3828
2047 3829
2047 3830
2047 3831
2047 3832
2047 3833
2047 3834
2047 3835
2047 3836
2047 3837
2047 3838
2047 3839
2047 3840
2047 3841
2047 3842
2047 3843
2047 3844
2047 3845
2047 3846
2047 3847
2047 3848
2047 3849
2047 3850
2047 3851
2047 3852
2047 3853
2047 3854
2047 3855
2047 3856
2047 3857
2047 3858
2047 3859
2047 3860
2047 3861
2047 3862
2047 3863
2047 3864
2047 3865
2047 3866
2047 3867
2047 3868
2047 3869
2047 3870
2047 3871
2047 3872
2047 3873
2047 3874
2047 3875
2047 3876
2047 3877
2047 3878
2047 3879
2047 3880
2047 3881
2047 3882
2047 3883
2047 3884
2047 3885
2047 3886
2047 3887
2047 3888
2047 3889
2047 3890
2047 3891
2047 3892
2047 3893
2047 3894
2047 3895
2047 3896
2047 3897
2047 3898
2047 3899
2047 3900
2047 3901
2047 3902
2047 3903
2047 3904
2047 3905
2047 3906
2047 3907
2047 3908
2047 3909
2047 3910
2047 3911
2047 3912
2047 3913
2047 3914
2047 3915
2047 3916
2047 3917
2047 3918
2047 3919
2047 3920
2047 3921
2047 3922
2047 3923
2047 3924
2047 3925
2047 3926
2047 3927
2047 3928
2047 3929
2047 3930
2047 3931
2047 3932
2047 3933
2047 3934
2047 3935
2047 3936
2047 3937
2047 3938
2047 3939
2047 3940
2047 3941
2047 3942
2047 3943
2047 3944
2047 3945
2047 3946
2047 3947
2047 3948
2047 3949
2047 3950
2047 3951
2047 3952
2047 3953
2047 3954
2047 3955
2047 3956
2047 3957
2047 3958
2047 3959
2047 3960
2047 3961
2047 3962
2047 3963
2047 3964
2047 3965
2047 3966
2047 3967
2047 3968
2047 3969
2047 3970
2047 3971
2047 3972
2047 3973
2047 3974
2047 3975
2047 3976
2047 3977
2047 3978
2047 3979
2047 3980
2047 3981
2047 3982
2047 3983
2047 3984
2047 3985
2047 3986
2047 3987
2047 3988
2047 3989
2047 3990
2047 3991
2047 3992
2047 3993
2047 3994
2047 3995
2047 3996
2047 3997
2047 3998
2047 3999
2047 4000
2047 4001
2047 4002
2047 4003
2047 4004
2047 4005
2047 4006
2047 4007
2047 4008
2047 4009
2047 4010
2047 4011
2047 4012
2047 4013
2047 4014
2047 4015
2047 4016
2047 4017
2047 4018
2047 4019
2047 4020
2047 4021
2047 4022
2047 4023
2047 4024
2047 4025
2047 4026
2047 4027
2047 4028
2047 4029
2047 4030
2047 4031
2047 4032
2047 4033
2047 4034
2047 4035
2047 4036
2047 4037
2047 4038
2047 4039
2047 4040
2047 4041
2047 4042
2047 4043
2047 4044
2047 4045
2047 4046
2047 4047
2047 4048
2047 4049
2047 4050
2047 4051
2047 4052
2047 4053
2047 4054
2047 4055
2047 4056
2047 4057
2047 4058
2047 4059
2047 4060
2047 4061
2047 4062
2047 4063
2047 4064
2047 4065
2047 4066
2047 4067
2047 4068
2047 4069
2047 4070
2047 4071
2047 4072
2047 4073
2047 4074
2047 4075
2047 4076
2047 4077
2047 4078
2047 4079
2047 4080
2047 4081
2047 4082
2047 4083
2047 4084
2047 4085
2047 4086
2047 4087
2047 4088
2047 4089
2047 4090
2047 4091
2047 4092
2047 4093
2047 4094
2047 4095
4095 4096
4095 4097
4095 4098
4095 4099
4095 4100
4095 4101
4095 4102
4095 4103
4095 4104
4095 4105
4095 4106
4095 4107
4095 4108
4095 4109
4095 4110
4095 4111
4095 4112
4095 4113
4095 4114
4095 4115
4095 4116
4095 4117
4095 4118
4095 4119
4095 4120
4095 4121
4095 4122
4095 4123
4095 4124
4095 4125
4095 4126
4095 4127
4095 4128
4095 4129
4095 4130
4095 4131
4095 4132
4095 4133
4095 4134
4095 4135
4095 4136
4095 4137
4095 4138
4095 4139
4095 4140
4095 4141
4095 4142
4095 4143
4095 4144
4095 4145
4095 4146
4095 4147
4095 4148
4095 4149
4095 4150
4095 4151
4095 4152
4095 4153
4095 4154
4095 4155
4095 4156
4095 4157
4095 4158
4095 4159
4095 4160
4095 4161
4095 4162
4095 4163
4095 4164
4095 4165
4095 4166
4095 4167
4095 4168
4095 4169
4095 4170
4095 4171
4095 4172
4095 4173
4095 4174
4095 4175
4095 4176
4095 4177
4095 4178
4095 4179
4095 4180
4095 4181
4095 4182
4095 4183
4095 4184
4095 4185
4095 4186
4095 4187
4095 4188
4095 4189
4095 4190
4095 4191
4095 4192
4095 4193
4095 4194
4095 4195
4095 4196
4095 4197
4095 4198
4095 4199
4095 4200
4095 4201
4095 4202
4095 4203
4095 4204
4095 4205
4095 4206
4095 4207
4095 4208
4095 4209
4095 4210
4095 4211
4095 4212
4095 4213
4095 4214
4095 4215
4095 4216
4095 4217
4095 4218
4095 4219
4095 4220
4095 4221
4095 4222
4095 4223
4095 4224
4095 4225
4095 4226
4095 4227
4095 4228
4095 4229
4095 4230
4095 4231
4095 4232
4095 4233
4095 4234
4095 4235
4095 4236
4095 4237
4095 4238
4095 4239
4095 4240
4095 4241
4095 4242
4095 4243
4095 4244
4095 4245
4095 4246
4095 4247
4095 4248
4095 4249
4095 4250
4095 4251
4095 4252
4095 4253
4095 4254
4095 4255
4095 4256
4095 4257
4095 4258
4095 4259
4095 4260
4095 4261
4095 4262
4095 4263
4095 4264
4095 4265
4095 4266
4095 4267
4095 4268
4095 4269
4095 4270
4095 4271
4095 4272
4095 4273
4095 4274
4095 4275
4095 4276
4095 4277
4095 4278
4095 4279
4095 4280
4095 4281
4095 4282
4095 4283
4095 4284
4095 4285
4095 4286
4095 4287
4095 4288
4095 4289
4095 4290
4095 4291
4095 4292
4095 4293
4095 4294
4095 4295
4095 4296
4095 4297
4095 4298
4095 4299
4095 4300
4095 4301
4095 4302
4095 4303
4095 4304
4095 4305
4095 4306
4095 4307
4095 4308
4095 4309
4095 4310
4095 4311
4095 4312
4095 4313
4095 4314
4095 4315
4095 4316
4095 4317
4095 4318
4095 4319
4095 4320
4095 4321
4095 4322
4095 4323
4095 4324
4095 4325
4095 4326
4095 4327
4095 4328
4095 4329
4095 4330
4095 4331
4095 4332
4095 4333
4095 4334
4095 4335
4095 4336
4095 4337
4095 4338
4095 4339
4095 4340
4095 4341
4095 4342
4095 4343
4095 4344
4095 4345
4095 4346
4095 4347
4095 4348
4095 4349
4095 4350
4095 4351
4095 4352
4095 4353
4095 4354
4095 4355
4095 4356
4095 4357
4095 4358
4095 4359
4095 4360
4095 4361
4095 4362
4095 4363
4095 4364
4095 4365
4095 4366
4095 4367
4095 4368
4095 4369
4095 4370
4095 4371
4095 4372
4095 4373
4095 4374
4095 4375
4095 4376
4095 4377
4095 4378
4095 4379
4095 4380
4095 4381
4095 4382
4095 4383
4095 4384
4095 4385
4095 4386
4095 4387
4095 4388
4095 4389
4095 4390
4095 4391
4095 4392
4095 4393
4095 4394
4095 4395
4095 4396
4095 4397
4095 4398
4095 4399
4095 4400
4095 4401
4095 4402
4095 4403
4095 4404
4095 4405
4095 4406
4095 4407
4095 4408
4095 4409
4095 4410
4095 4411
4095 4412
4095 4413
4095 4414
4095 4415
4095 4416
4095 4417
4095 4418
4095 4419
4095 4420
4095 4421
4095 4422
4095 4423
4095 4424
4095 4425
4095 4426
4095 4427
4095 4428
4095 4429
4095 4430
4095 4431
4095 4432
4095 4433
4095 4434
4095 4435
4095 4436
4095 4437
4095 4438
4095 4439
4095 4440
4095 4441
4095 4442
4095 4443
4095 4444
4095 4445
4095 4446
4095 4447
4095 4448
4095 4449
4095 4450
4095 4451
4095 4452
4095 4453
4095 4454
4095 4455
4095 4456
4095 4457
4095 4458
4095 4459
4095 4460
4095 4461
4095 4462
4095 4463
4095 4464
4095 4465
4095 4466
4095 4467
4095 4468
4095 4469
4095 4470
4095 4471
4095 4472
4095 4473
4095 4474
4095 4475
4095 4476
4095 4477
4095 4478
4095 4479
4095 4480
4095 4481
4095 4482
4095 4483
4095 4484
4095 4485
4095 4486
4095 4487
4095 4488
4095 4489
4095 4490
4095 4491
4095 4492
4095 4493
4095 4494
4095 4495
4095 4496
4095 4497
4095 4498
4095 4499
4095 4500
4095 4501
4095 4502
4095 4503
4095 4504
4095 4505
4095 4506
4095 4507
4095 4508
4095 4509
4095 4510
4095 4511
4095 4512
4095 4513
4095 4514
4095 4515
4095 4516
4095 4517
4095 4518
4095 4519
4095 4520
4095 4521
4095 4522
4095 4523
4095 4524
4095 4525
4095 4526
4095 4527
4095 4528
4095 4529
4095 4530
4095 4531
4095 4532
4095 4533
4095 4534
4095 4535
4095 4536
4095 4537
4095 4538
4095 4539
4095 4540
4095 4541
4095 4542
4095 4543
4095 4544
4095 4545
4095 4546
4095 4547
4095 4548
4095 4549
4095 4550
4095 4551
4095 4552
4095 4553
4095 4554
4095 4555
4095 4556
4095 4557
4095 4558
4095 4559
4095 4560
4095 4561
4095 4562
4095 4563
4095 4564
4095 4565
4095 4566
4095 4567
4095 4568
4095 4569
4095 4570
4095 4571
4095 4572
4095 4573
4095 4574
4095 4575
4095 4576
4095 4577
4095 4578
4095 4579
4095 4580
4095 4581
4095 4582
4095 4583
4095 4584
4095 4585
4095 4586
4095 4587
4095 4588
4095 4589
4095 4590
4095 4591
4095 4592
4095 4593
4095 4594
4095 4595
4095 4596
4095 4597
4095 4598
4095 4599
4095 4600
4095 4601
4095 4602
4095 4603
4095 4604
4095 4605
4095 4606
4095 4607
4095 4608
4095 4609
4095 4610
4095 4611
4095 4612
4095 4613
4095 4614
4095 4615
4095 4616
4095 4617
4095 4618
4095 4619
4095 4620
4095 4621
4095 4622
4095 4623
4095 4624
4095 4625
4095 4626
4095 4627
4095 4628
4095 4629
4095 4630
4095 4631
4095 4632
4095 4633
4095 4634
4095 4635
4095 4636
4095 4637
4095 4638
4095 4639
4095 4640
4095 4641
4095 4642
4095 4643
4095 4644
4095 4645
4095 4646
4095 4647
4095 4648
4095 4649
4095 4650
4095 4651
4095 4652
4095 4653
4095 4654
4095 4655
4095 4656
4095 4657
4095 4658
4095 4659
4095 4660
4095 4661
4095 4662
4095 4663
4095 4664
4095 4665
4095 4666
4095 4667
4095 4668
4095 4669
4095 4670
4095 4671
4095 4672
4095 4673
4095 4674
4095 4675
4095 4676
4095 4677
4095 4678
4095 4679
4095 4680
4095 4681
4095 4682
4095 4683
4095 4684
4095 4685
4095 4686
4095 4687
4095 4688
4095 4689
4095 4690
4095 4691
4095 4692
4095 4693
4095 4694
4095 4695
4095 4696
4095 4697
4095 4698
4095 4699
4095 4700
4095 4701
4095 4702
4095 4703
4095 4704
4095 4705
4095 4706
4095 4707
4095 4708
4095 4709
4095 4710
4095 4711
4095 4712
4095 4713
4095 4714
4095 4715
4095 4716
4095 4717
4095 4718
4095 4719
4095 4720
4095 4721
4095 4722
4095 4723
4095 4724
4095 4725
4095 4726
4095 4727
4095 4728
4095 4729
4095 4730
4095 4731
4095 4732
4095 4733
4095 4734
4095 4735
4095 4736
4095 4737
4095 4738
4095 4739
4095 4740
4095 4741
4095 4742
4095 4743
4095 4744
4095 4745
4095 4746
4095 4747
4095 4748
4095 4749
4095 4750
4095 4751
4095 4752
4095 4753
4095 4754
4095 4755
4095 4756
4095 4757
4095 4758
4095 4759
4095 4760
4095 4761
4095 4762
4095 4763
4095 4764
4095 4765
4095 4766
4095 4767
4095 4768
4095 4769
4095 4770
4095 4771
4095 4772
4095 4773
4095 4774
4095 4775
4095 4776
4095 4777
4095 4778
4095 4779
4095 4780
4095 4781
4095 4782
4095 4783
4095 4784
4095 4785
4095 4786
4095 4787
4095 4788
4095 4789
4095 4790
4095 4791
4095 4792
4095 4793
4095 4794
4095 4795
4095 4796
4095 4797
4095 4798
4095 4799
4095 4800
4095 4801
4095 4802
4095 4803
4095 4804
4095 4805
4095 4806
4095 4807
4095 4808
4095 4809
4095 4810
4095 4811
4095 4812
4095 4813
4095 4814
4095 4815
4095 4816
4095 4817
4095 4818
4095 4819
4095 4820
4095 4821
4095 4822
4095 4823
4095 4824
4095 4825
4095 4826
4095 4827
4095 4828
4095 4829
4095 4830
4095 4831
4095 4832
4095 4833
4095 4834
4095 4835
4095 4836
4095 4837
4095 4838
4095 4839
4095 4840
4095 4841
4095 4842
4095 4843
4095 4844
4095 4845
4095 4846
4095 4847
4095 4848
4095 4849
4095 4850
4095 4851
4095 4852
4095 4853
4095 4854
4095 4855
4095 4856
4095 4857
4095 4858
4095 4859
4095 4860
4095 4861
4095 4862
4095 4863
4095 4864
4095 4865
4095 4866
4095 4867
4095 4868
4095 4869
4095 4870
4095 4871
4095 4872
4095 4873
4095 4874
4095 4875
4095 4876
4095 4877
4095 4878
4095 4879
4095 4880
4095 4881
4095 4882
4095 4883
4095 4884
4095 4885
4095 4886
4095 4887
4095 4888
4095 4889
4095 4890
4095 4891
4095 4892
4095 4893
4095 4894
4095 4895
4095 4896
4095 4897
4095 4898
4095 4899
4095 4900
4095 4901
4095 4902
4095 4903
4095 4904
4095 4905
4095 4906
4095 4907
4095 4908
4095 4909
4095 4910
4095 4911
4095 4912
4095 4913
4095 4914
4095 4915
4095 4916
4095 4917
4095 4918
4095 4919
4095 4920
4095 4921
4095 4922
4095 4923
4095 4924
4095 4925
4095 4926
4095 4927
4095 4928
4095 4929
4095 4930
4095 4931
4095 4932
4095 4933
4095 4934
4095 4935
4095 4936
4095 4937
4095 4938
4095 4939
4095 4940
4095 4941
4095 4942
4095 4943
4095 4944
4095 4945
4095 4946
4095 4947
4095 4948
4095 4949
4095 4950
4095 4951
4095 4952
4095 4953
4095 4954
4095 4955
4095 4956
4095 4957
4095 4958
4095 4959
4095 4960
4095 4961
4095 4962
4095 4963
4095 4964
4095 4965
4095 4966
4095 4967
4095 4968
4095 4969
4095 4970
4095 4971
4095 4972
4095 4973
4095 4974
4095 4975
4095 4976
4095 4977
4095 4978
4095 4979
4095 4980
4095 4981
4095 4982
4095 4983
4095 4984
4095 4985
4095 4986
4095 4987
4095 4988
4095 4989
4095 4990
4095 4991
4095 4992
4095 4993
4095 4994
4095 4995
4095 4996
4095 4997
4095 4998
4095 4999
4095 5000
4095 5001
4095 5002
4095 5003
4095 5004
4095 5005
4095 5006
4095 5007
4095 5008
4095 5009
4095 5010
4095 5011
4095 5012
4095 5013
4095 5014
4095 5015
4095 5016
4095 5017
4095 5018
4095 5019
4095 5020
4095 5021
4095 5022
4095 5023
4095 5024
4095 5025
4095 5026
4095 5027
4095 5028
4095 5029
4095 5030
4095 5031
4095 5032
4095 5033
4095 5034
4095 5035
4095 5036
4095 5037
4095 5038
4095 5039
4095 5040
4095 5041
4095 5042
4095 5043
4095 5044
4095 5045
4095 5046
4095 5047
4095 5048
4095 5049
4095 5050
4095 5051
4095 5052
4095 5053
4095 5054
4095 5055
4095 5056
4095 5057
4095 5058
4095 5059
4095 5060
4095 5061
4095 5062
4095 5063
4095 5064
4095 5065
4095 5066
4095 5067
4095 5068
4095 5069
4095 5070
4095 5071
4095 5072
4095 5073
4095 5074
4095 5075
4095 5076
4095 5077
4095 5078
4095 5079
4095 5080
4095 5081
4095 5082
4095 5083
4095 5084
4095 5085
4095 5086
4095 5087
4095 5088
4095 5089
4095 5090
4095 5091
4095 5092
4095 5093
4095 5094
4095 5095
4095 5096
4095 5097
4095 5098
4095 5099
4095 5100
4095 5101
4095 5102
4095 5103
4095 5104
4095 5105
4095 5106
4095 5107
4095 5108
4095 5109
4095 5110
4095 5111
4095 5112
4095 5113
4095 5114
4095 5115
4095 5116
4095 5117
4095 5118
4095 5119
4095 5120
4095 5121
4095 5122
4095 5123
4095 5124
4095 5125
4095 5126
4095 5127
4095 5128
4095 5129
4095 5130
4095 5131
4095 5132
4095 5133
4095 5134
4095 5135
4095 5136
4095 5137
4095 5138
4095 5139
4095 5140
4095 5141
4095 5142
4095 5143
4095 5144
4095 5145
4095 5146
4095 5147
4095 5148
4095 5149
4095 5150
4095 5151
4095 5152
4095 5153
4095 5154
4095 5155
4095 5156
4095 5157
4095 5158
4095 5159
4095 5160
4095 5161
4095 5162
4095 5163
4095 5164
4095 5165
4095 5166
4095 5167
4095 5168
4095 5169
4095 5170
4095 5171
4095 5172
4095 5173
4095 5174
4095 5175
4095 5176
4095 5177
4095 5178
4095 5179
4095 5180
4095 5181
4095 5182
4095 5183
4095 5184
4095 5185
4095 5186
4095 5187
4095 5188
4095 5189
4095 5190
4095 5191
4095 5192
4095 5193
4095 5194
4095 5195
4095 5196
4095 5197
4095 5198
4095 5199
4095 5200
4095 5201
4095 5202
4095 5203
4095 5204
4095 5205
4095 5206
4095 5207
4095 5208
4095 5209
4095 5210
4095 5211
4095 5212
4095 5213
4095 5214
4095 5215
4095 5216
4095 5217
4095 5218
4095 5219
4095 5220
4095 5221
4095 5222
4095 5223
4095 5224
4095 5225
4095 5226
4095 5227
4095 5228
4095 5229
4095 5230
4095 5231
4095 5232
4095 5233
4095 5234
4095 5235
4095 5236
4095 5237
4095 5238
4095 5239
4095 5240
4095 5241
4095 5242
4095 5243
4095 5244
4095 5245
4095 5246
4095 5247
4095 5248
4095 5249
4095 5250
4095 5251
4095 5252
4095 5253
4095 5254
4095 5255
4095 5256
4095 5257
4095 5258
4095 5259
4095 5260
4095 5261
4095 5262
4095 5263
4095 5264
4095 5265
4095 5266
4095 5267
4095 5268
4095 5269
4095 5270
4095 5271
4095 5272
4095 5273
4095 5274
4095 5275
4095 5276
4095 5277
4095 5278
4095 5279
4095 5280
4095 5281
4095 5282
4095 5283
4095 5284
4095 5285
4095 5286
4095 5287
4095 5288
4095 5289
4095 5290
4095 5291
4095 5292
4095 5293
4095 5294
4095 5295
4095 5296
4095 5297
4095 5298
4095 5299
4095 5300
4095 5301
4095 5302
4095 5303
4095 5304
4095 5305
4095 5306
4095 5307
4095 5308
4095 5309
4095 5310
4095 5311
4095 5312
4095 5313
4095 5314
4095 5315
4095 5316
4095 5317
4095 5318
4095 5319
4095 5320
4095 5321
4095 5322
4095 5323
4095 5324
4095 5325
4095 5326
4095 5327
4095 5328
4095 5329
4095 5330
4095 5331
4095 5332
4095 5333
4095 5334
4095 5335
4095 5336
4095 5337
4095 5338
4095 5339
4095 5340
4095 5341
4095 5342
4095 5343
4095 5344
4095 5345
4095 5346
4095 5347
4095 5348
4095 5349
4095 5350
4095 5351
4095 5352
4095 5353
4095 5354
4095 5355
4095 5356
4095 5357
4095 5358
4095 5359
4095 5360
4095 5361
4095 5362
4095 5363
4095 5364
4095 5365
4095 5366
4095 5367
4095 5368
4095 5369
4095 5370
4095 5371
4095 5372
4095 5373
4095 5374
4095 5375
4095 5376
4095 5377
4095 5378
4095 5379
4095 5380
4095 5381
4095 5382
4095 5383
4095 5384
4095 5385
4095 5386
4095 5387
4095 5388
4095 5389
4095 5390
4095 5391
4095 5392
4095 5393
4095 5394
4095 5395
4095 5396
4095 5397
4095 5398
4095 5399
4095 5400
4095 5401
4095 5402
4095 5403
4095 5404
4095 5405
4095 5406
4095 5407
4095 5408
4095 5409
4095 5410
4095 5411
4095 5412
4095 5413
4095 5414
4095 5415
4095 5416
4095 5417
4095 5418
4095 5419
4095 5420
4095 5421
4095 5422
4095 5423
4095 5424
4095 5425
4095 5426
4095 5427
4095 5428
4095 5429
4095 5430
4095 5431
4095 5432
4095 5433
4095 5434
4095 5435
4095 5436
4095 5437
4095 5438
4095 5439
4095 5440
4095 5441
4095 5442
4095 5443
4095 5444
4095 5445
4095 5446
4095 5447
4095 5448
4095 5449
4095 5450
4095 5451
4095 5452
4095 5453
4095 5454
4095 5455
4095 5456
4095 5457
4095 5458
4095 5459
4095 5460
4095 5461
4095 5462
4095 5463
4095 5464
4095 5465
4095 5466
4095 5467
4095 5468
4095 5469
4095 5470
4095 5471
4095 5472
4095 5473
4095 5474
4095 5475
4095 5476
4095 5477
4095 5478
4095 5479
4095 5480
4095 5481
4095 5482
4095 5483
4095 5484
4095 5485
4095 5486
4095 5487
4095 5488
4095 5489
4095 5490
4095 5491
4095 5492
4095 5493
4095 5494
4095 5495
4095 5496
4095 5497
4095 5498
4095 5499
4095 5500
4095 5501
4095 5502
4095 5503
4095 5504
4095 5505
4095 5506
4095 5507
4095 5508
4095 5509
4095 5510
4095 5511
4095 5512
4095 5513
4095 5514
4095 5515
4095 5516
4095 5517
4095 5518
4095 5519
4095 5520
4095 5521
4095 5522
4095 5523
4095 5524
4095 5525
4095 5526
4095 5527
4095 5528
4095 5529
4095 5530
4095 5531
4095 5532
4095 5533
4095 5534
4095 5535
4095 5536
4095 5537
4095 5538
4095 5539
4095 5540
4095 5541
4095 5542
4095 5543
4095 5544
4095 5545
4095 5546
4095 5547
4095 5548
4095 5549
4095 5550
4095 5551
4095 5552
4095 5553
4095 5554
4095 5555
4095 5556
4095 5557
4095 5558
4095 5559
4095 5560
4095 5561
4095 5562
4095 5563
4095 5564
4095 5565
4095 5566
4095 5567
4095 5568
4095 5569
4095 5570
4095 5571
4095 5572
4095 5573
4095 5574
4095 5575
4095 5576
4095 5577
4095 5578
4095 5579
4095 5580
4095 5581
4095 5582
4095 5583
4095 5584
4095 5585
4095 5586
4095 5587
4095 5588
4095 5589
4095 5590
4095 5591
4095 5592
4095 5593
4095 5594
4095 5595
4095 5596
4095 5597
4095 5598
4095 5599
4095 5600
4095 5601
4095 5602
4095 5603
4095 5604
4095 5605
4095 5606
4095 5607
4095 5608
4095 5609
4095 5610
4095 5611
4095 5612
4095 5613
4095 5614
4095 5615
4095 5616
4095 5617
4095 5618
4095 5619
4095 5620
4095 5621
4095 5622
4095 5623
4095 5624
4095 5625
4095 5626
4095 5627
4095 5628
4095 5629
4095 5630
4095 5631
4095 5632
4095 5633
4095 5634
4095 5635
4095 5636
4095 5637
4095 5638
4095 5639
4095 5640
4095 5641
4095 5642
4095 5643
4095 5644
4095 5645
4095 5646
4095 5647
4095 5648
4095 5649
4095 5650
4095 5651
4095 5652
4095 5653
4095 5654
4095 5655
4095 5656
4095 5657
4095 5658
4095 5659
4095 5660
4095 5661
4095 5662
4095 5663
4095 5664
4095 5665
4095 5666
4095 5667
4095 5668
4095 5669
4095 5670
4095 5671
4095 5672
4095 5673
4095 5674
4095 5675
4095 5676
4095 5677
4095 5678
4095 5679
4095 5680
4095 5681
4095 5682
4095 5683
4095 5684
4095 5685
4095 5686
4095 5687
4095 5688
4095 5689
4095 5690
4095 5691
4095 5692
4095 5693
4095 5694
4095 5695
4095 5696
4095 5697
4095 5698
4095 5699
4095 5700
4095 5701
4095 5702
4095 5703
4095 5704
4095 5705
4095 5706
4095 5707
4095 5708
4095 5709
4095 5710
4095 5711
4095 5712
4095 5713
4095 5714
4095 5715
4095 5716
4095 5717
4095 5718
4095 5719
4095 5720
4095 5721
4095 5722
4095 5723
4095 5724
4095 5725
4095 5726
4095 5727
4095 5728
4095 5729
4095 5730
4095 5731
4095 5732
4095 5733
4095 5734
4095 5735
4095 5736
4095 5737
4095 5738
4095 5739
4095 5740
4095 5741
4095 5742
4095 5743
4095 5744
4095 5745
4095 5746
4095 5747
4095 5748
4095 5749
4095 5750
4095 5751
4095 5752
4095 5753
4095 5754
4095 5755
4095 5756
4095 5757
4095 5758
4095 5759
4095 5760
4095 5761
4095 5762
4095 5763
4095 5764
4095 5765
4095 5766
4095 5767
4095 5768
4095 5769
4095 5770
4095 5771
4095 5772
4095 5773
4095 5774
4095 5775
4095 5776
4095 5777
4095 5778
4095 5779
4095 5780
4095 5781
4095 5782
4095 5783
4095 5784
4095 5785
4095 5786
4095 5787
4095 5788
4095 5789
4095 5790
4095 5791
4095 5792
4095 5793
4095 5794
4095 5795
4095 5796
4095 5797
4095 5798
4095 5799
4095 5800
4095 5801
4095 5802
4095 5803
4095 5804
4095 5805
4095 5806
4095 5807
4095 5808
4095 5809
4095 5810
4095 5811
4095 5812
4095 5813
4095 5814
4095 5815
4095 5816
4095 5817
4095 5818
4095 5819
4095 5820
4095 5821
4095 5822
4095 5823
4095 5824
4095 5825
4095 5826
4095 5827
4095 5828
4095 5829
4095 5830
4095 5831
4095 5832
4095 5833
4095 5834
4095 5835
4095 5836
4095 5837
4095 5838
4095 5839
4095 5840
4095 5841
4095 5842
4095 5843
4095 5844
4095 5845
4095 5846
4095 5847
4095 5848
4095 5849
4095 5850
4095 5851
4095 5852
4095 5853
4095 5854
4095 5855
4095 5856
4095 5857
4095 5858
4095 5859
4095 5860
4095 5861
4095 5862
4095 5863
4095 5864
4095 5865
4095 5866
4095 5867
4095 5868
4095 5869
4095 5870
4095 5871
4095 5872
4095 5873
4095 5874
4095 5875
4095 5876
4095 5877
4095 5878
4095 5879
4095 5880
4095 5881
4095 5882
4095 5883
4095 5884
4095 5885
4095 5886
4095 5887
4095 5888
4095 5889
4095 5890
4095 5891
4095 5892
4095 5893
4095 5894
4095 5895
4095 5896
4095 5897
4095 5898
4095 5899
4095 5900
4095 5901
4095 5902
4095 5903
4095 5904
4095 5905
4095 5906
4095 5907
4095 5908
4095 5909
4095 5910
4095 5911
4095 5912
4095 5913
4095 5914
4095 5915
4095 5916
4095 5917
4095 5918
4095 5919
4095 5920
4095 5921
4095 5922
4095 5923
4095 5924
4095 5925
4095 5926
4095 5927
4095 5928
4095 5929
4095 5930
4095 5931
4095 5932
4095 5933
4095 5934
4095 5935
4095 5936
4095 5937
4095 5938
4095 5939
4095 5940
4095 5941
4095 5942
4095 5943
4095 5944
4095 5945
4095 5946
4095 5947
4095 5948
4095 5949
4095 5950
4095 5951
4095 5952
4095 5953
4095 5954
4095 5955
4095 5956
4095 5957
4095 5958
4095 5959
4095 5960
4095 5961
4095 5962
4095 5963
4095 5964
4095 5965
4095 5966
4095 5967
4095 5968
4095 5969
4095 5970
4095 5971
4095 5972
4095 5973
4095 5974
4095 5975
4095 5976
4095 5977
4095 5978
4095 5979
4095 5980
4095 5981
4095 5982
4095 5983
4095 5984
4095 5985
4095 5986
4095 5987
4095 5988
4095 5989
4095 5990
4095 5991
4095 5992
4095 5993
4095 5994
4095 5995
4095 5996
4095 5997
4095 5998
4095 5999
4095 6000
4095 6001
4095 6002
4095 6003
4095 6004
4095 6005
4095 6006
4095 6007
4095 6008
4095 6009
4095 6010
4095 6011
4095 6012
4095 6013
4095 6014
4095 6015
4095 6016
4095 6017
4095 6018
4095 6019
4095 6020
4095 6021
4095 6022
4095 6023
4095 6024
4095 6025
4095 6026
4095 6027
4095 6028
4095 6029
4095 6030
4095 6031
4095 6032
4095 6033
4095 6034
4095 6035
4095 6036
4095 6037
4095 6038
4095 6039
4095 6040
4095 6041
4095 6042
4095 6043
4095 6044
4095 6045
4095 6046
4095 6047
4095 6048
4095 6049
4095 6050
4095 6051
4095 6052
4095 6053
4095 6054
4095 6055
4095 6056
4095 6057
4095 6058
4095 6059
4095 6060
4095 6061
4095 6062
4095 6063
4095 6064
4095 6065
4095 6066
4095 6067
4095 6068
4095 6069
4095 6070
4095 6071
4095 6072
4095 6073
4095 6074
4095 6075
4095 6076
4095 6077
4095 6078
4095 6079
4095 6080
4095 6081
4095 6082
4095 6083
4095 6084
4095 6085
4095 6086
4095 6087
4095 6088
4095 6089
4095 6090
4095 6091
4095 6092
4095 6093
4095 6094
4095 6095
4095 6096
4095 6097
4095 6098
4095 6099
4095 6100
4095 6101
4095 6102
4095 6103
4095 6104
4095 6105
4095 6106
4095 6107
4095 6108
4095 6109
4095 6110
4095 6111
4095 6112
4095 6113
4095 6114
4095 6115
4095 6116
4095 6117
4095 6118
4095 6119
4095 6120
4095 6121
4095 6122
4095 6123
4095 6124
4095 6125
4095 6126
4095 6127
4095 6128
4095 6129
4095 6130
4095 6131
4095 6132
4095 6133
4095 6134
4095 6135
4095 6136
4095 6137
4095 6138
4095 6139
4095 6140
4095 6141
4095 6142
4095 6143
4095 6144
4095 6145
4095 6146
4095 6147
4095 6148
4095 6149
4095 6150
4095 6151
4095 6152
4095 6153
4095 6154
4095 6155
4095 6156
4095 6157
4095 6158
4095 6159
4095 6160
4095 6161
4095 6162
4095 6163
4095 6164
4095 6165
4095 6166
4095 6167
4095 6168
4095 6169
4095 6170
4095 6171
4095 6172
4095 6173
4095 6174
4095 6175
4095 6176
4095 6177
4095 6178
4095 6179
4095 6180
4095 6181
4095 6182
4095 6183
4095 6184
4095 6185
4095 6186
4095 6187
4095 6188
4095 6189
4095 6190
4095 6191
4095 6192
4095 6193
4095 6194
4095 6195
4095 6196
4095 6197
4095 6198
4095 6199
4095 6200
4095 6201
4095 6202
4095 6203
4095 6204
4095 6205
4095 6206
4095 6207
4095 6208
4095 6209
4095 6210
4095 6211
4095 6212
4095 6213
4095 6214
4095 6215
4095 6216
4095 6217
4095 6218
4095 6219
4095 6220
4095 6221
4095 6222
4095 6223
4095 6224
4095 6225
4095 6226
4095 6227
4095 6228
4095 6229
4095 6230
4095 6231
4095 6232
4095 6233
4095 6234
4095 6235
4095 6236
4095 6237
4095 6238
4095 6239
4095 6240
4095 6241
4095 6242
4095 6243
4095 6244
4095 6245
4095 6246
4095 6247
4095 6248
4095 6249
4095 6250
4095 6251
4095 6252
4095 6253
4095 6254
4095 6255
4095 6256
4095 6257
4095 6258
4095 6259
4095 6260
4095 6261
4095 6262
4095 6263
4095 6264
4095 6265
4095 6266
4095 6267
4095 6268
4095 6269
4095 6270
4095 6271
4095 6272
4095 6273
4095 6274
4095 6275
4095 6276
4095 6277
4095 6278
4095 6279
4095 6280
4095 6281
4095 6282
4095 6283
4095 6284
4095 6285
4095 6286
4095 6287
4095 6288
4095 6289
4095 6290
4095 6291
4095 6292
4095 6293
4095 6294
4095 6295
4095 6296
4095 6297
4095 6298
4095 6299
4095 6300
4095 6301
4095 6302
4095 6303
4095 6304
4095 6305
4095 6306
4095 6307
4095 6308
4095 6309
4095 6310
4095 6311
4095 6312
4095 6313
4095 6314
4095 6315
4095 6316
4095 6317
4095 6318
4095 6319
4095 6320
4095 6321
4095 6322
4095 6323
4095 6324
4095 6325
4095 6326
4095 6327
4095 6328
4095 6329
4095 6330
4095 6331
4095 6332
4095 6333
4095 6334
4095 6335
4095 6336
4095 6337
4095 6338
4095 6339
4095 6340
4095 6341
4095 6342
4095 6343
4095 6344
4095 6345
4095 6346
4095 6347
4095 6348
4095 6349
4095 6350
4095 6351
4095 6352
4095 6353
4095 6354
4095 6355
4095 6356
4095 6357
4095 6358
4095 6359
4095 6360
4095 6361
4095 6362
4095 6363
4095 6364
4095 6365
4095 6366
4095 6367
4095 6368
4095 6369
4095 6370
4095 6371
4095 6372
4095 6373
4095 6374
4095 6375
4095 6376
4095 6377
4095 6378
4095 6379
4095 6380
4095 6381
4095 6382
4095 6383
4095 6384
4095 6385
4095 6386
4095 6387
4095 6388
4095 6389
4095 6390
4095 6391
4095 6392
4095 6393
4095 6394
4095 6395
4095 6396
4095 6397
4095 6398
4095 6399
4095 6400
4095 6401
4095 6402
4095 6403
4095 6404
4095 6405
4095 6406
4095 6407
4095 6408
4095 6409
4095 6410
4095 6411
4095 6412
4095 6413
4095 6414
4095 6415
4095 6416
4095 6417
4095 6418
4095 6419
4095 6420
4095 6421
4095 6422
4095 6423
4095 6424
4095 6425
4095 6426
4095 6427
4095 6428
4095 6429
4095 6430
4095 6431
4095 6432
4095 6433
4095 6434
4095 6435
4095 6436
4095 6437
4095 6438
4095 6439
4095 6440
4095 6441
4095 6442
4095 6443
4095 6444
4095 6445
4095 6446
4095 6447
4095 6448
4095 6449
4095 6450
4095 6451
4095 6452
4095 6453
4095 6454
4095 6455
4095 6456
4095 6457
4095 6458
4095 6459
4095 6460
4095 6461
4095 6462
4095 6463
4095 6464
4095 6465
4095 6466
4095 6467
4095 6468
4095 6469
4095 6470
4095 6471
4095 6472
4095 6473
4095 6474
4095 6475
4095 6476
4095 6477
4095 6478
4095 6479
4095 6480
4095 6481
4095 6482
4095 6483
4095 6484
4095 6485
4095 6486
4095 6487
4095 6488
4095 6489
4095 6490
4095 6491
4095 6492
4095 6493
4095 6494
4095 6495
4095 6496
4095 6497
4095 6498
4095 6499
4095 6500
4095 6501
4095 6502
4095 6503
4095 6504
4095 6505
4095 6506
4095 6507
4095 6508
4095 6509
4095 6510
4095 6511
4095 6512
4095 6513
4095 6514
4095 6515
4095 6516
4095 6517
4095 6518
4095 6519
4095 6520
4095 6521
4095 6522
4095 6523
4095 6524
4095 6525
4095 6526
4095 6527
4095 6528
4095 6529
4095 6530
4095 6531
4095 6532
4095 6533
4095 6534
4095 6535
4095 6536
4095 6537
4095 6538
4095 6539
4095 6540
4095 6541
4095 6542
4095 6543
4095 6544
4095 6545
4095 6546
4095 6547
4095 6548
4095 6549
4095 6550
4095 6551
4095 6552
4095 6553
4095 6554
4095 6555
4095 6556
4095 6557
4095 6558
4095 6559
4095 6560
4095 6561
4095 6562
4095 6563
4095 6564
4095 6565
4095 6566
4095 6567
4095 6568
4095 6569
4095 6570
4095 6571
4095 6572
4095 6573
4095 6574
4095 6575
4095 6576
4095 6577
4095 6578
4095 6579
4095 6580
4095 6581
4095 6582
4095 6583
4095 6584
4095 6585
4095 6586
4095 6587
4095 6588
4095 6589
4095 6590
4095 6591
4095 6592
4095 6593
4095 6594
4095 6595
4095 6596
4095 6597
4095 6598
4095 6599
4095 6600
4095 6601
4095 6602
4095 6603
4095 6604
4095 6605
4095 6606
4095 6607
4095 6608
4095 6609
4095 6610
4095 6611
4095 6612
4095 6613
4095 6614
4095 6615
4095 6616
4095 6617
4095 6618
4095 6619
4095 6620
4095 6621
4095 6622
4095 6623
4095 6624
4095 6625
4095 6626
4095 6627
4095 6628
4095 6629
4095 6630
4095 6631
4095 6632
4095 6633
4095 6634
4095 6635
4095 6636
4095 6637
4095 6638
4095 6639
4095 6640
4095 6641
4095 6642
4095 6643
4095 6644
4095 6645
4095 6646
4095 6647
4095 6648
4095 6649
4095 6650
4095 6651
4095 6652
4095 6653
4095 6654
4095 6655
4095 6656
4095 6657
4095 6658
4095 6659
4095 6660
4095 6661
4095 6662
4095 6663
4095 6664
4095 6665
4095 6666
4095 6667
4095 6668
4095 6669
4095 6670
4095 6671
4095 6672
4095 6673
4095 6674
4095 6675
4095 6676
4095 6677
4095 6678
4095 6679
4095 6680
4095 6681
4095 6682
4095 6683
4095 6684
4095 6685
4095 6686
4095 6687
4095 6688
4095 6689
4095 6690
4095 6691
4095 6692
4095 6693
4095 6694
4095 6695
4095 6696
4095 6697
4095 6698
4095 6699
4095 6700
4095 6701
4095 6702
4095 6703
4095 6704
4095 6705
4095 6706
4095 6707
4095 6708
4095 6709
4095 6710
4095 6711
4095 6712
4095 6713
4095 6714
4095 6715
4095 6716
4095 6717
4095 6718
4095 6719
4095 6720
4095 6721
4095 6722
4095 6723
4095 6724
4095 6725
4095 6726
4095 6727
4095 6728
4095 6729
4095 6730
4095 6731
4095 6732
4095 6733
4095 6734
4095 6735
4095 6736
4095 6737
4095 6738
4095 6739
4095 6740
4095 6741
4095 6742
4095 6743
4095 6744
4095 6745
4095 6746
4095 6747
4095 6748
4095 6749
4095 6750
4095 6751
4095 6752
4095 6753
4095 6754
4095 6755
4095 6756
4095 6757
4095 6758
4095 6759
4095 6760
4095 6761
4095 6762
4095 6763
4095 6764
4095 6765
4095 6766
4095 6767
4095 6768
4095 6769
4095 6770
4095 6771
4095 6772
4095 6773
4095 6774
4095 6775
4095 6776
4095 6777
4095 6778
4095 6779
4095 6780
4095 6781
4095 6782
4095 6783
4095 6784
4095 6785
4095 6786
4095 6787
4095 6788
4095 6789
4095 6790
4095 6791
4095 6792
4095 6793
4095 6794
4095 6795
4095 6796
4095 6797
4095 6798
4095 6799
4095 6800
4095 6801
4095 6802
4095 6803
4095 6804
4095 6805
4095 6806
4095 6807
4095 6808
4095 6809
4095 6810
4095 6811
4095 6812
4095 6813
4095 6814
4095 6815
4095 6816
4095 6817
4095 6818
4095 6819
4095 6820
4095 6821
4095 6822
4095 6823
4095 6824
4095 6825
4095 6826
4095 6827
4095 6828
4095 6829
4095 6830
4095 6831
4095 6832
4095 6833
4095 6834
4095 6835
4095 6836
4095 6837
4095 6838
4095 6839
4095 6840
4095 6841
4095 6842
4095 6843
4095 6844
4095 6845
4095 6846
4095 6847
4095 6848
4095 6849
4095 6850
4095 6851
4095 6852
4095 6853
4095 6854
4095 6855
4095 6856
4095 6857
4095 6858
4095 6859
4095 6860
4095 6861
4095 6862
4095 6863
4095 6864
4095 6865
4095 6866
4095 6867
4095 6868
4095 6869
4095 6870
4095 6871
4095 6872
4095 6873
4095 6874
4095 6875
4095 6876
4095 6877
4095 6878
4095 6879
4095 6880
4095 6881
4095 6882
4095 6883
4095 6884
4095 6885
4095 6886
4095 6887
4095 6888
4095 6889
4095 6890
4095 6891
4095 6892
4095 6893
4095 6894
4095 6895
4095 6896
4095 6897
4095 6898
4095 6899
4095 6900
4095 6901
4095 6902
4095 6903
4095 6904
4095 6905
4095 6906
4095 6907
4095 6908
4095 6909
4095 6910
4095 6911
4095 6912
4095 6913
4095 6914
4095 6915
4095 6916
4095 6917
4095 6918
4095 6919
4095 6920
4095 6921
4095 6922
4095 6923
4095 6924
4095 6925
4095 6926
4095 6927
4095 6928
4095 6929
4095 6930
4095 6931
4095 6932
4095 6933
4095 6934
4095 6935
4095 6936
4095 6937
4095 6938
4095 6939
4095 6940
4095 6941
4095 6942
4095 6943
4095 6944
4095 6945
4095 6946
4095 6947
4095 6948
4095 6949
4095 6950
4095 6951
4095 6952
4095 6953
4095 6954
4095 6955
4095 6956
4095 6957
4095 6958
4095 6959
4095 6960
4095 6961
4095 6962
4095 6963
4095 6964
4095 6965
4095 6966
4095 6967
4095 6968
4095 6969
4095 6970
4095 6971
4095 6972
4095 6973
4095 6974
4095 6975
4095 6976
4095 6977
4095 6978
4095 6979
4095 6980
4095 6981
4095 6982
4095 6983
4095 6984
4095 6985
4095 6986
4095 6987
4095 6988
4095 6989
4095 6990
4095 6991
4095 6992
4095 6993
4095 6994
4095 6995
4095 6996
4095 6997
4095 6998
4095 6999
4095 7000
4095 7001
4095 7002
4095 7003
4095 7004
4095 7005
4095 7006
4095 7007
4095 7008
4095 7009
4095 7010
4095 7011
4095 7012
4095 7013
4095 7014
4095 7015
4095 7016
4095 7017
4095 7018
4095 7019
4095 7020
4095 7021
4095 7022
4095 7023
4095 7024
4095 7025
4095 7026
4095 7027
4095 7028
4095 7029
4095 7030
4095 7031
4095 7032
4095 7033
4095 7034
4095 7035
4095 7036
4095 7037
4095 7038
4095 7039
4095 7040
4095 7041
4095 7042
4095 7043
4095 7044
4095 7045
4095 7046
4095 7047
4095 7048
4095 7049
4095 7050
4095 7051
4095 7052
4095 7053
4095 7054
4095 7055
4095 7056
4095 7057
4095 7058
4095 7059
4095 7060
4095 7061
4095 7062
4095 7063
4095 7064
4095 7065
4095 7066
4095 7067
4095 7068
4095 7069
4095 7070
4095 7071
4095 7072
4095 7073
4095 7074
4095 7075
4095 7076
4095 7077
4095 7078
4095 7079
4095 7080
4095 7081
4095 7082
4095 7083
4095 7084
4095 7085
4095 7086
4095 7087
4095 7088
4095 7089
4095 7090
4095 7091
4095 7092
4095 7093
4095 7094
4095 7095
4095 7096
4095 7097
4095 7098
4095 7099
4095 7100
4095 7101
4095 7102
4095 7103
4095 7104
4095 7105
4095 7106
4095 7107
4095 7108
4095 7109
4095 7110
4095 7111
4095 7112
4095 7113
4095 7114
4095 7115
4095 7116
4095 7117
4095 7118
4095 7119
4095 7120
4095 7121
4095 7122
4095 7123
4095 7124
4095 7125
4095 7126
4095 7127
4095 7128
4095 7129
4095 7130
4095 7131
4095 7132
4095 7133
4095 7134
4095 7135
4095 7136
4095 7137
4095 7138
4095 7139
4095 7140
4095 7141
4095 7142
4095 7143
4095 7144
4095 7145
4095 7146
4095 7147
4095 7148
4095 7149
4095 7150
4095 7151
4095 7152
4095 7153
4095 7154
4095 7155
4095 7156
4095 7157
4095 7158
4095 7159
4095 7160
4095 7161
4095 7162
4095 7163
4095 7164
4095 7165
4095 7166
4095 7167
4095 7168
4095 7169
4095 7170
4095 7171
4095 7172
4095 7173
4095 7174
4095 7175
4095 7176
4095 7177
4095 7178
4095 7179
4095 7180
4095 7181
4095 7182
4095 7183
4095 7184
4095 7185
4095 7186
4095 7187
4095 7188
4095 7189
4095 7190
4095 7191
4095 7192
4095 7193
4095 7194
4095 7195
4095 7196
4095 7197
4095 7198
4095 7199
4095 7200
4095 7201
4095 7202
4095 7203
4095 7204
4095 7205
4095 7206
4095 7207
4095 7208
4095 7209
4095 7210
4095 7211
4095 7212
4095 7213
4095 7214
4095 7215
4095 7216
4095 7217
4095 7218
4095 7219
4095 7220
4095 7221
4095 7222
4095 7223
4095 7224
4095 7225
4095 7226
4095 7227
4095 7228
4095 7229
4095 7230
4095 7231
4095 7232
4095 7233
4095 7234
4095 7235
4095 7236
4095 7237
4095 7238
4095 7239
4095 7240
4095 7241
4095 7242
4095 7243
4095 7244
4095 7245
4095 7246
4095 7247
4095 7248
4095 7249
4095 7250
4095 7251
4095 7252
4095 7253
4095 7254
4095 7255
4095 7256
4095 7257
4095 7258
4095 7259
4095 7260
4095 7261
4095 7262
4095 7263
4095 7264
4095 7265
4095 7266
4095 7267
4095 7268
4095 7269
4095 7270
4095 7271
4095 7272
4095 7273
4095 7274
4095 7275
4095 7276
4095 7277
4095 7278
4095 7279
4095 7280
4095 7281
4095 7282
4095 7283
4095 7284
4095 7285
4095 7286
4095 7287
4095 7288
4095 7289
4095 7290
4095 7291
4095 7292
4095 7293
4095 7294
4095 7295
4095 7296
4095 7297
4095 7298
4095 7299
4095 7300
4095 7301
4095 7302
4095 7303
4095 7304
4095 7305
4095 7306
4095 7307
4095 7308
4095 7309
4095 7310
4095 7311
4095 7312
4095 7313
4095 7314
4095 7315
4095 7316
4095 7317
4095 7318
4095 7319
4095 7320
4095 7321
4095 7322
4095 7323
4095 7324
4095 7325
4095 7326
4095 7327
4095 7328
4095 7329
4095 7330
4095 7331
4095 7332
4095 7333
4095 7334
4095 7335
4095 7336
4095 7337
4095 7338
4095 7339
4095 7340
4095 7341
4095 7342
4095 7343
4095 7344
4095 7345
4095 7346
4095 7347
4095 7348
4095 7349
4095 7350
4095 7351
4095 7352
4095 7353
4095 7354
4095 7355
4095 7356
4095 7357
4095 7358
4095 7359
4095 7360
4095 7361
4095 7362
4095 7363
4095 7364
4095 7365
4095 7366
4095 7367
4095 7368
4095 7369
4095 7370
4095 7371
4095 7372
4095 7373
4095 7374
4095 7375
4095 7376
4095 7377
4095 7378
4095 7379
4095 7380
4095 7381
4095 7382
4095 7383
4095 7384
4095 7385
4095 7386
4095 7387
4095 7388
4095 7389
4095 7390
4095 7391
4095 7392
4095 7393
4095 7394
4095 7395
4095 7396
4095 7397
4095 7398
4095 7399
4095 7400
4095 7401
4095 7402
4095 7403
4095 7404
4095 7405
4095 7406
4095 7407
4095 7408
4095 7409
4095 7410
4095 7411
4095 7412
4095 7413
4095 7414
4095 7415
4095 7416
4095 7417
4095 7418
4095 7419
4095 7420
4095 7421
4095 7422
4095 7423
4095 7424
4095 7425
4095 7426
4095 7427
4095 7428
4095 7429
4095 7430
4095 7431
4095 7432
4095 7433
4095 7434
4095 7435
4095 7436
4095 7437
4095 7438
4095 7439
4095 7440
4095 7441
4095 7442
4095 7443
4095 7444
4095 7445
4095 7446
4095 7447
4095 7448
4095 7449
4095 7450
4095 7451
4095 7452
4095 7453
4095 7454
4095 7455
4095 7456
4095 7457
4095 7458
4095 7459
4095 7460
4095 7461
4095 7462
4095 7463
4095 7464
4095 7465
4095 7466
4095 7467
4095 7468
4095 7469
4095 7470
4095 7471
4095 7472
4095 7473
4095 7474
4095 7475
4095 7476
4095 7477
4095 7478
4095 7479
4095 7480
4095 7481
4095 7482
4095 7483
4095 7484
4095 7485
4095 7486
4095 7487
4095 7488
4095 7489
4095 7490
4095 7491
4095 7492
4095 7493
4095 7494
4095 7495
4095 7496
4095 7497
4095 7498
4095 7499
4095 7500
4095 7501
4095 7502
4095 7503
4095 7504
4095 7505
4095 7506
4095 7507
4095 7508
4095 7509
4095 7510
4095 7511
4095 7512
4095 7513
4095 7514
4095 7515
4095 7516
4095 7517
4095 7518
4095 7519
4095 7520
4095 7521
4095 7522
4095 7523
4095 7524
4095 7525
4095 7526
4095 7527
4095 7528
4095 7529
4095 7530
4095 7531
4095 7532
4095 7533
4095 7534
4095 7535
4095 7536
4095 7537
4095 7538
4095 7539
4095 7540
4095 7541
4095 7542
4095 7543
4095 7544
4095 7545
4095 7546
4095 7547
4095 7548
4095 7549
4095 7550
4095 7551
4095 7552
4095 7553
4095 7554
4095 7555
4095 7556
4095 7557
4095 7558
4095 7559
4095 7560
4095 7561
4095 7562
4095 7563
4095 7564
4095 7565
4095 7566
4095 7567
4095 7568
4095 7569
4095 7570
4095 7571
4095 7572
4095 7573
4095 7574
4095 7575
4095 7576
4095 7577
4095 7578
4095 7579
4095 7580
4095 7581
4095 7582
4095 7583
4095 7584
4095 7585
4095 7586
4095 7587
4095 7588
4095 7589
4095 7590
4095 7591
4095 7592
4095 7593
4095 7594
4095 7595
4095 7596
4095 7597
4095 7598
4095 7599
4095 7600
4095 7601
4095 7602
4095 7603
4095 7604
4095 7605
4095 7606
4095 7607
4095 7608
4095 7609
4095 7610
4095 7611
4095 7612
4095 7613
4095 7614
4095 7615
4095 7616
4095 7617
4095 7618
4095 7619
4095 7620
4095 7621
4095 7622
4095 7623
4095 7624
4095 7625
4095 7626
4095 7627
4095 7628
4095 7629
4095 7630
4095 7631
4095 7632
4095 7633
4095 7634
4095 7635
4095 7636
4095 7637
4095 7638
4095 7639
4095 7640
4095 7641
4095 7642
4095 7643
4095 7644
4095 7645
4095 7646
4095 7647
4095 7648
4095 7649
4095 7650
4095 7651
4095 7652
4095 7653
4095 7654
4095 7655
4095 7656
4095 7657
4095 7658
4095 7659
4095 7660
4095 7661
4095 7662
4095 7663
4095 7664
4095 7665
4095 7666
4095 7667
4095 7668
4095 7669
4095 7670
4095 7671
4095 7672
4095 7673
4095 7674
4095 7675
4095 7676
4095 7677
4095 7678
4095 7679
4095 7680
4095 7681
4095 7682
4095 7683
4095 7684
4095 7685
4095 7686
4095 7687
4095 7688
4095 7689
4095 7690
4095 7691
4095 7692
4095 7693
4095 7694
4095 7695
4095 7696
4095 7697
4095 7698
4095 7699
4095 7700
4095 7701
4095 7702
4095 7703
4095 7704
4095 7705
4095 7706
4095 7707
4095 7708
4095 7709
4095 7710
4095 7711
4095 7712
4095 7713
4095 7714
4095 7715
4095 7716
4095 7717
4095 7718
4095 7719
4095 7720
4095 7721
4095 7722
4095 7723
4095 7724
4095 7725
4095 7726
4095 7727
4095 7728
4095 7729
4095 7730
4095 7731
4095 7732
4095 7733
4095 7734
4095 7735
4095 7736
4095 7737
4095 7738
4095 7739
4095 7740
4095 7741
4095 7742
4095 7743
4095 7744
4095 7745
4095 7746
4095 7747
4095 7748
4095 7749
4095 7750
4095 7751
4095 7752
4095 7753
4095 7754
4095 7755
4095 7756
4095 7757
4095 7758
4095 7759
4095 7760
4095 7761
4095 7762
4095 7763
4095 7764
4095 7765
4095 7766
4095 7767
4095 7768
4095 7769
4095 7770
4095 7771
4095 7772
4095 7773
4095 7774
4095 7775
4095 7776
4095 7777
4095 7778
4095 7779
4095 7780
4095 7781
4095 7782
4095 7783
4095 7784
4095 7785
4095 7786
4095 7787
4095 7788
4095 7789
4095 7790
4095 7791
4095 7792
4095 7793
4095 7794
4095 7795
4095 7796
4095 7797
4095 7798
4095 7799
4095 7800
4095 7801
4095 7802
4095 7803
4095 7804
4095 7805
4095 7806
4095 7807
4095 7808
4095 7809
4095 7810
4095 7811
4095 7812
4095 7813
4095 7814
4095 7815
4095 7816
4095 7817
4095 7818
4095 7819
4095 7820
4095 7821
4095 7822
4095 7823
4095 7824
4095 7825
4095 7826
4095 7827
4095 7828
4095 7829
4095 7830
4095 7831
4095 7832
4095 7833
4095 7834
4095 7835
4095 7836
4095 7837
4095 7838
4095 7839
4095 7840
4095 7841
4095 7842
4095 7843
4095 7844
4095 7845
4095 7846
4095 7847
4095 7848
4095 7849
4095 7850
4095 7851
4095 7852
4095 7853
4095 7854
4095 7855
4095 7856
4095 7857
4095 7858
4095 7859
4095 7860
4095 7861
4095 7862
4095 7863
4095 7864
4095 7865
4095 7866
4095 7867
4095 7868
4095 7869
4095 7870
4095 7871
4095 7872
4095 7873
4095 7874
4095 7875
4095 7876
4095 7877
4095 7878
4095 7879
4095 7880
4095 7881
4095 7882
4095 7883
4095 7884
4095 7885
4095 7886
4095 7887
4095 7888
4095 7889
4095 7890
4095 7891
4095 7892
4095 7893
4095 7894
4095 7895
4095 7896
4095 7897
4095 7898
4095 7899
4095 7900
4095 7901
4095 7902
4095 7903
4095 7904
4095 7905
4095 7906
4095 7907
4095 7908
4095 7909
4095 7910
4095 7911
4095 7912
4095 7913
4095 7914
4095 7915
4095 7916
4095 7917
4095 7918
4095 7919
4095 7920
4095 7921
4095 7922
4095 7923
4095 7924
4095 7925
4095 7926
4095 7927
4095 7928
4095 7929
4095 7930
4095 7931
4095 7932
4095 7933
4095 7934
4095 7935
4095 7936
4095 7937
4095 7938
4095 7939
4095 7940
4095 7941
4095 7942
4095 7943
4095 7944
4095 7945
4095 7946
4095 7947
4095 7948
4095 7949
4095 7950
4095 7951
4095 7952
4095 7953
4095 7954
4095 7955
4095 7956
4095 7957
4095 7958
4095 7959
4095 7960
4095 7961
4095 7962
4095 7963
4095 7964
4095 7965
4095 7966
4095 7967
4095 7968
4095 7969
4095 7970
4095 7971
4095 7972
4095 7973
4095 7974
4095 7975
4095 7976
4095 7977
4095 7978
4095 7979
4095 7980
4095 7981
4095 7982
4095 7983
4095 7984
4095 7985
4095 7986
4095 7987
4095 7988
4095 7989
4095 7990
4095 7991
4095 7992
4095 7993
4095 7994
4095 7995
4095 7996
4095 7997
4095 7998
4095 7999
4095 8000
4095 8001
4095 8002
4095 8003
4095 8004
4095 8005
4095 8006
4095 8007
4095 8008
4095 8009
4095 8010
4095 8011
4095 8012
4095 8013
4095 8014
4095 8015
4095 8016
4095 8017
4095 8018
4095 8019
4095 8020
4095 8021
4095 8022
4095 8023
4095 8024
4095 8025
4095 8026
4095 8027
4095 8028
4095 8029
4095 8030
4095 8031
4095 8032
4095 8033
4095 8034
4095 8035
4095 8036
4095 8037
4095 8038
4095 8039
4095 8040
4095 8041
4095 8042
4095 8043
4095 8044
4095 8045
4095 8046
4095 8047
4095 8048
4095 8049
4095 8050
4095 8051
4095 8052
4095 8053
4095 8054
4095 8055
4095 8056
4095 8057
4095 8058
4095 8059
4095 8060
4095 8061
4095 8062
4095 8063
4095 8064
4095 8065
4095 8066
4095 8067
4095 8068
4095 8069
4095 8070
4095 8071
4095 8072
4095 8073
4095 8074
4095 8075
4095 8076
4095 8077
4095 8078
4095 8079
4095 8080
4095 8081
4095 8082
4095 8083
4095 8084
4095 8085
4095 8086
4095 8087
4095 8088
4095 8089
4095 8090
4095 8091
4095 8092
4095 8093
4095 8094
4095 8095
4095 8096
4095 8097
4095 8098
4095 8099
4095 8100
4095 8101
4095 8102
4095 8103
4095 8104
4095 8105
4095 8106
4095 8107
4095 8108
4095 8109
4095 8110
4095 8111
4095 8112
4095 8113
4095 8114
4095 8115
4095 8116
4095 8117
4095 8118
4095 8119
4095 8120
4095 8121
4095 8122
4095 8123
4095 8124
4095 8125
4095 8126
4095 8127
4095 8128
4095 8129
4095 8130
4095 8131
4095 8132
4095 8133
4095 8134
4095 8135
4095 8136
4095 8137
4095 8138
4095 8139
4095 8140
4095 8141
4095 8142
4095 8143
4095 8144
4095 8145
4095 8146
4095 8147
4095 8148
4095 8149
4095 8150
4095 8151
4095 8152
4095 8153
4095 8154
4095 8155
4095 8156
4095 8157
4095 8158
4095 8159
4095 8160
4095 8161
4095 8162
4095 8163
4095 8164
4095 8165
4095 8166
4095 8167
4095 8168
4095 8169
4095 8170
4095 8171
4095 8172
4095 8173
4095 8174
4095 8175
4095 8176
4095 8177
4095 8178
4095 8179
4095 8180
4095 8181
4095 8182
4095 8183
4095 8184
4095 8185
4095 8186
4095 8187
4095 8188
4095 8189
4095 8190
4095 8191
8191 8192
8191 8193
8191 8194
8191 8195
8191 8196
8191 8197
8191 8198
8191 8199
8191 8200
8191 8201
8191 8202
8191 8203
8191 8204
8191 8205
8191 8206
8191 8207
8191 8208
8191 8209
8191 8210
8191 8211
8191 8212
8191 8213
8191 8214
8191 8215
8191 8216
8191 8217
8191 8218
8191 8219
8191 8220
8191 8221
8191 8222
8191 8223
8191 8224
8191 8225
8191 8226
8191 8227
8191 8228
8191 8229
8191 8230
8191 8231
8191 8232
8191 8233
8191 8234
8191 8235
8191 8236
8191 8237
8191 8238
8191 8239
8191 8240
8191 8241
8191 8242
8191 8243
8191 8244
8191 8245
8191 8246
8191 8247
8191 8248
8191 8249
8191 8250
8191 8251
8191 8252
8191 8253
8191 8254
8191 8255
8191 8256
8191 8257
8191 8258
8191 8259
8191 8260
8191 8261
8191 8262
8191 8263
8191 8264
8191 8265
8191 8266
8191 8267
8191 8268
8191 8269
8191 8270
8191 8271
8191 8272
8191 8273
8191 8274
8191 8275
8191 8276
8191 8277
8191 8278
8191 8279
8191 8280
8191 8281
8191 8282
8191 8283
8191 8284
8191 8285
8191 8286
8191 8287
8191 8288
8191 8289
8191 8290
8191 8291
8191 8292
8191 8293
8191 8294
8191 8295
8191 8296
8191 8297
8191 8298
8191 8299
8191 8300
8191 8301
8191 8302
8191 8303
8191 8304
8191 8305
8191 8306
8191 8307
8191 8308
8191 8309
8191 8310
8191 8311
8191 8312
8191 8313
8191 8314
8191 8315
8191 8316
8191 8317
8191 8318
8191 8319
8191 8320
8191 8321
8191 8322
8191 8323
8191 8324
8191 8325
8191 8326
8191 8327
8191 8328
8191 8329
8191 8330
8191 8331
8191 8332
8191 8333
8191 8334
8191 8335
8191 8336
8191 8337
8191 8338
8191 8339
8191 8340
8191 8341
8191 8342
8191 8343
8191 8344
8191 8345
8191 8346
8191 8347
8191 8348
8191 8349
8191 8350
8191 8351
8191 8352
8191 8353
8191 8354
8191 8355
8191 8356
8191 8357
8191 8358
8191 8359
8191 8360
8191 8361
8191 8362
8191 8363
8191 8364
8191 8365
8191 8366
8191 8367
8191 8368
8191 8369
8191 8370
8191 8371
8191 8372
8191 8373
8191 8374
8191 8375
8191 8376
8191 8377
8191 8378
8191 8379
8191 8380
8191 8381
8191 8382
8191 8383
8191 8384
8191 8385
8191 8386
8191 8387
8191 8388
8191 8389
8191 8390
8191 8391
8191 8392
8191 8393
8191 8394
8191 8395
8191 8396
8191 8397
8191 8398
8191 8399
8191 8400
8191 8401
8191 8402
8191 8403
8191 8404
8191 8405
8191 8406
8191 8407
8191 8408
8191 8409
8191 8410
8191 8411
8191 8412
8191 8413
8191 8414
8191 8415
8191 8416
8191 8417
8191 8418
8191 8419
8191 8420
8191 8421
8191 8422
8191 8423
8191 8424
8191 8425
8191 8426
8191 8427
8191 8428
8191 8429
8191 8430
8191 8431
8191 8432
8191 8433
8191 8434
8191 8435
8191 8436
8191 8437
8191 8438
8191 8439
8191 8440
8191 8441
8191 8442
8191 8443
8191 8444
8191 8445
8191 8446
8191 8447
8191 8448
8191 8449
8191 8450
8191 8451
8191 8452
8191 8453
8191 8454
8191 8455
8191 8456
8191 8457
8191 8458
8191 8459
8191 8460
8191 8461
8191 8462
8191 8463
8191 8464
8191 8465
8191 8466
8191 8467
8191 8468
8191 8469
8191 8470
8191 8471
8191 8472
8191 8473
8191 8474
8191 8475
8191 8476
8191 8477
8191 8478
8191 8479
8191 8480
8191 8481
8191 8482
8191 8483
8191 8484
8191 8485
8191 8486
8191 8487
8191 8488
8191 8489
8191 8490
8191 8491
8191 8492
8191 8493
8191 8494
8191 8495
8191 8496
8191 8497
8191 8498
8191 8499
8191 8500
8191 8501
8191 8502
8191 8503
8191 8504
8191 8505
8191 8506
8191 8507
8191 8508
8191 8509
8191 8510
8191 8511
8191 8512
8191 8513
8191 8514
8191 8515
8191 8516
8191 8517
8191 8518
8191 8519
8191 8520
8191 8521
8191 8522
8191 8523
8191 8524
8191 8525
8191 8526
8191 8527
8191 8528
8191 8529
8191 8530
8191 8531
8191 8532
8191 8533
8191 8534
8191 8535
8191 8536
8191 8537
8191 8538
8191 8539
8191 8540
8191 8541
8191 8542
8191 8543
8191 8544
8191 8545
8191 8546
8191 8547
8191 8548
8191 8549
8191 8550
8191 8551
8191 8552
8191 8553
8191 8554
8191 8555
8191 8556
8191 8557
8191 8558
8191 8559
8191 8560
8191 8561
8191 8562
8191 8563
8191 8564
8191 8565
8191 8566
8191 8567
8191 8568
8191 8569
8191 8570
8191 8571
8191 8572
8191 8573
8191 8574
8191 8575
8191 8576
8191 8577
8191 8578
8191 8579
8191 8580
8191 8581
8191 8582
8191 8583
8191 8584
8191 8585
8191 8586
8191 8587
8191 8588
8191 8589
8191 8590
8191 8591
8191 8592
8191 8593
8191 8594
8191 8595
8191 8596
8191 8597
8191 8598
8191 8599
8191 8600
8191 8601
8191 8602
8191 8603
8191 8604
8191 8605
8191 8606
8191 8607
8191 8608
8191 8609
8191 8610
8191 8611
8191 8612
8191 8613
8191 8614
8191 8615
8191 8616
8191 8617
8191 8618
8191 8619
8191 8620
8191 8621
8191 8622
8191 8623
8191 8624
8191 8625
8191 8626
8191 8627
8191 8628
8191 8629
8191 8630
8191 8631
8191 8632
8191 8633
8191 8634
8191 8635
8191 8636
8191 8637
8191 8638
8191 8639
8191 8640
8191 8641
8191 8642
8191 8643
8191 8644
8191 8645
8191 8646
8191 8647
8191 8648
8191 8649
8191 8650
8191 8651
8191 8652
8191 8653
8191 8654
8191 8655
8191 8656
8191 8657
8191 8658
8191 8659
8191 8660
8191 8661
8191 8662
8191 8663
8191 8664
8191 8665
8191 8666
8191 8667
8191 8668
8191 8669
8191 8670
8191 8671
8191 8672
8191 8673
8191 8674
8191 8675
8191 8676
8191 8677
8191 8678
8191 8679
8191 8680
8191 8681
8191 8682
8191 8683
8191 8684
8191 8685
8191 8686
8191 8687
8191 8688
8191 8689
8191 8690
8191 8691
8191 8692
8191 8693
8191 8694
8191 8695
8191 8696
8191 8697
8191 8698
8191 8699
8191 8700
8191 8701
8191 8702
8191 8703
8191 8704
8191 8705
8191 8706
8191 8707
8191 8708
8191 8709
8191 8710
8191 8711
8191 8712
8191 8713
8191 8714
8191 8715
8191 8716
8191 8717
8191 8718
8191 8719
8191 8720
8191 8721
8191 8722
8191 8723
8191 8724
8191 8725
8191 8726
8191 8727
8191 8728
8191 8729
8191 8730
8191 8731
8191 8732
8191 8733
8191 8734
8191 8735
8191 8736
8191 8737
8191 8738
8191 8739
8191 8740
8191 8741
8191 8742
8191 8743
8191 8744
8191 8745
8191 8746
8191 8747
8191 8748
8191 8749
8191 8750
8191 8751
8191 8752
8191 8753
8191 8754
8191 8755
8191 8756
8191 8757
8191 8758
8191 8759
8191 8760
8191 8761
8191 8762
8191 8763
8191 8764
8191 8765
8191 8766
8191 8767
8191 8768
8191 8769
8191 8770
8191 8771
8191 8772
8191 8773
8191 8774
8191 8775
8191 8776
8191 8777
8191 8778
8191 8779
8191 8780
8191 8781
8191 8782
8191 8783
8191 8784
8191 8785
8191 8786
8191 8787
8191 8788
8191 8789
8191 8790
8191 8791
8191 8792
8191 8793
8191 8794
8191 8795
8191 8796
8191 8797
8191 8798
8191 8799
8191 8800
8191 8801
8191 8802
8191 8803
8191 8804
8191 8805
8191 8806
8191 8807
8191 8808
8191 8809
8191 8810
8191 8811
8191 8812
8191 8813
8191 8814
8191 8815
8191 8816
8191 8817
8191 8818
8191 8819
8191 8820
8191 8821
8191 8822
8191 8823
8191 8824
8191 8825
8191 8826
8191 8827
8191 8828
8191 8829
8191 8830
8191 8831
8191 8832
8191 8833
8191 8834
8191 8835
8191 8836
8191 8837
8191 8838
8191 8839
8191 8840
8191 8841
8191 8842
8191 8843
8191 8844
8191 8845
8191 8846
8191 8847
8191 8848
8191 8849
8191 8850
8191 8851
8191 8852
8191 8853
8191 8854
8191 8855
8191 8856
8191 8857
8191 8858
8191 8859
8191 8860
8191 8861
8191 8862
8191 8863
8191 8864
8191 8865
8191 8866
8191 8867
8191 8868
8191 8869
8191 8870
8191 8871
8191 8872
8191 8873
8191 8874
8191 8875
8191 8876
8191 8877
8191 8878
8191 8879
8191 8880
8191 8881
8191 8882
8191 8883
8191 8884
8191 8885
8191 8886
8191 8887
8191 8888
8191 8889
8191 8890
8191 8891
8191 8892
8191 8893
8191 8894
8191 8895
8191 8896
8191 8897
8191 8898
8191 8899
8191 8900
8191 8901
8191 8902
8191 8903
8191 8904
8191 8905
8191 8906
8191 8907
8191 8908
8191 8909
8191 8910
8191 8911
8191 8912
8191 8913
8191 8914
8191 8915
8191 8916
8191 8917
8191 8918
8191 8919
8191 8920
8191 8921
8191 8922
8191 8923
8191 8924
8191 8925
8191 8926
8191 8927
8191 8928
8191 8929
8191 8930
8191 8931
8191 8932
8191 8933
8191 8934
8191 8935
8191 8936
8191 8937
8191 8938
8191 8939
8191 8940
8191 8941
8191 8942
8191 8943
8191 8944
8191 8945
8191 8946
8191 8947
8191 8948
8191 8949
8191 8950
8191 8951
8191 8952
8191 8953
8191 8954
8191 8955
8191 8956
8191 8957
8191 8958
8191 8959
8191 8960
8191 8961
8191 8962
8191 8963
8191 8964
8191 8965
8191 8966
8191 8967
8191 8968
8191 8969
8191 8970
8191 8971
8191 8972
8191 8973
8191 8974
8191 8975
8191 8976
8191 8977
8191 8978
8191 8979
8191 8980
8191 8981
8191 8982
8191 8983
8191 8984
8191 8985
8191 8986
8191 8987
8191 8988
8191 8989
8191 8990
8191 8991
8191 8992
8191 8993
8191 8994
8191 8995
8191 8996
8191 8997
8191 8998
8191 8999
8191 9000
8191 9001
8191 9002
8191 9003
8191 9004
8191 9005
8191 9006
8191 9007
8191 9008
8191 9009
8191 9010
8191 9011
8191 9012
8191 9013
8191 9014
8191 9015
8191 9016
8191 9017
8191 9018
8191 9019
8191 9020
8191 9021
8191 9022
8191 9023
8191 9024
8191 9025
8191 9026
8191 9027
8191 9028
8191 9029
8191 9030
8191 9031
8191 9032
8191 9033
8191 9034
8191 9035
8191 9036
8191 9037
8191 9038
8191 9039
8191 9040
8191 9041
8191 9042
8191 9043
8191 9044
8191 9045
8191 9046
8191 9047
8191 9048
8191 9049
8191 9050
8191 9051
8191 9052
8191 9053
8191 9054
8191 9055
8191 9056
8191 9057
8191 9058
8191 9059
8191 9060
8191 9061
8191 9062
8191 9063
8191 9064
8191 9065
8191 9066
8191 9067
8191 9068
8191 9069
8191 9070
8191 9071
8191 9072
8191 9073
8191 9074
8191 9075
8191 9076
8191 9077
8191 9078
8191 9079
8191 9080
8191 9081
8191 9082
8191 9083
8191 9084
8191 9085
8191 9086
8191 9087
8191 9088
8191 9089
8191 9090
8191 9091
8191 9092
8191 9093
8191 9094
8191 9095
8191 9096
8191 9097
8191 9098
8191 9099
8191 9100
8191 9101
8191 9102
8191 9103
8191 9104
8191 9105
8191 9106
8191 9107
8191 9108
8191 9109
8191 9110
8191 9111
8191 9112
8191 9113
8191 9114
8191 9115
8191 9116
8191 9117
8191 9118
8191 9119
8191 9120
8191 9121
8191 9122
8191 9123
8191 9124
8191 9125
8191 9126
8191 9127
8191 9128
8191 9129
8191 9130
8191 9131
8191 9132
8191 9133
8191 9134
8191 9135
8191 9136
8191 9137
8191 9138
8191 9139
8191 9140
8191 9141
8191 9142
8191 9143
8191 9144
8191 9145
8191 9146
8191 9147
8191 9148
8191 9149
8191 9150
8191 9151
8191 9152
8191 9153
8191 9154
8191 9155
8191 9156
8191 9157
8191 9158
8191 9159
8191 9160
8191 9161
8191 9162
8191 9163
8191 9164
8191 9165
8191 9166
8191 9167
8191 9168
8191 9169
8191 9170
8191 9171
8191 9172
8191 9173
8191 9174
8191 9175
8191 9176
8191 9177
8191 9178
8191 9179
8191 9180
8191 9181
8191 9182
8191 9183
8191 9184
8191 9185
8191 9186
8191 9187
8191 9188
8191 9189
8191 9190
8191 9191
8191 9192
8191 9193
8191 9194
8191 9195
8191 9196
8191 9197
8191 9198
8191 9199
8191 9200
8191 9201
8191 9202
8191 9203
8191 9204
8191 9205
8191 9206
8191 9207
8191 9208
8191 9209
8191 9210
8191 9211
8191 9212
8191 9213
8191 9214
8191 9215
8191 9216
8191 9217
8191 9218
8191 9219
8191 9220
8191 9221
8191 9222
8191 9223
8191 9224
8191 9225
8191 9226
8191 9227
8191 9228
8191 9229
8191 9230
8191 9231
8191 9232
8191 9233
8191 9234
8191 9235
8191 9236
8191 9237
8191 9238
8191 9239
8191 9240
8191 9241
8191 9242
8191 9243
8191 9244
8191 9245
8191 9246
8191 9247
8191 9248
8191 9249
8191 9250
8191 9251
8191 9252
8191 9253
8191 9254
8191 9255
8191 9256
8191 9257
8191 9258
8191 9259
8191 9260
8191 9261
8191 9262
8191 9263
8191 9264
8191 9265
8191 9266
8191 9267
8191 9268
8191 9269
8191 9270
8191 9271
8191 9272
8191 9273
8191 9274
8191 9275
8191 9276
8191 9277
8191 9278
8191 9279
8191 9280
8191 9281
8191 9282
8191 9283
8191 9284
8191 9285
8191 9286
8191 9287
8191 9288
8191 9289
8191 9290
8191 9291
8191 9292
8191 9293
8191 9294
8191 9295
8191 9296
8191 9297
8191 9298
8191 9299
8191 9300
8191 9301
8191 9302
8191 9303
8191 9304
8191 9305
8191 9306
8191 9307
8191 9308
8191 9309
8191 9310
8191 9311
8191 9312
8191 9313
8191 9314
8191 9315
8191 9316
8191 9317
8191 9318
8191 9319
8191 9320
8191 9321
8191 9322
8191 9323
8191 9324
8191 9325
8191 9326
8191 9327
8191 9328
8191 9329
8191 9330
8191 9331
8191 9332
8191 9333
8191 9334
8191 9335
8191 9336
8191 9337
8191 9338
8191 9339
8191 9340
8191 9341
8191 9342
8191 9343
8191 9344
8191 9345
8191 9346
8191 9347
8191 9348
8191 9349
8191 9350
8191 9351
8191 9352
8191 9353
8191 9354
8191 9355
8191 9356
8191 9357
8191 9358
8191 9359
8191 9360
8191 9361
8191 9362
8191 9363
8191 9364
8191 9365
8191 9366
8191 9367
8191 9368
8191 9369
8191 9370
8191 9371
8191 9372
8191 9373
8191 9374
8191 9375
8191 9376
8191 9377
8191 9378
8191 9379
8191 9380
8191 9381
8191 9382
8191 9383
8191 9384
8191 9385
8191 9386
8191 9387
8191 9388
8191 9389
8191 9390
8191 9391
8191 9392
8191 9393
8191 9394
8191 9395
8191 9396
8191 9397
8191 9398
8191 9399
8191 9400
8191 9401
8191 9402
8191 9403
8191 9404
8191 9405
8191 9406
8191 9407
8191 9408
8191 9409
8191 9410
8191 9411
8191 9412
8191 9413
8191 9414
8191 9415
8191 9416
8191 9417
8191 9418
8191 9419
8191 9420
8191 9421
8191 9422
8191 9423
8191 9424
8191 9425
8191 9426
8191 9427
8191 9428
8191 9429
8191 9430
8191 9431
8191 9432
8191 9433
8191 9434
8191 9435
8191 9436
8191 9437
8191 9438
8191 9439
8191 9440
8191 9441
8191 9442
8191 9443
8191 9444
8191 9445
8191 9446
8191 9447
8191 9448
8191 9449
8191 9450
8191 9451
8191 9452
8191 9453
8191 9454
8191 9455
8191 9456
8191 9457
8191 9458
8191 9459
8191 9460
8191 9461
8191 9462
8191 9463
8191 9464
8191 9465
8191 9466
8191 9467
8191 9468
8191 9469
8191 9470
8191 9471
8191 9472
8191 9473
8191 9474
8191 9475
8191 9476
8191 9477
8191 9478
8191 9479
8191 9480
8191 9481
8191 9482
8191 9483
8191 9484
8191 9485
8191 9486
8191 9487
8191 9488
8191 9489
8191 9490
8191 9491
8191 9492
8191 9493
8191 9494
8191 9495
8191 9496
8191 9497
8191 9498
8191 9499
8191 9500
8191 9501
8191 9502
8191 9503
8191 9504
8191 9505
8191 9506
8191 9507
8191 9508
8191 9509
8191 9510
8191 9511
8191 9512
8191 9513
8191 9514
8191 9515
8191 9516
8191 9517
8191 9518
8191 9519
8191 9520
8191 9521
8191 9522
8191 9523
8191 9524
8191 9525
8191 9526
8191 9527
8191 9528
8191 9529
8191 9530
8191 9531
8191 9532
8191 9533
8191 9534
8191 9535
8191 9536
8191 9537
8191 9538
8191 9539
8191 9540
8191 9541
8191 9542
8191 9543
8191 9544
8191 9545
8191 9546
8191 9547
8191 9548
8191 9549
8191 9550
8191 9551
8191 9552
8191 9553
8191 9554
8191 9555
8191 9556
8191 9557
8191 9558
8191 9559
8191 9560
8191 9561
8191 9562
8191 9563
8191 9564
8191 9565
8191 9566
8191 9567
8191 9568
8191 9569
8191 9570
8191 9571
8191 9572
8191 9573
8191 9574
8191 9575
8191 9576
8191 9577
8191 9578
8191 9579
8191 9580
8191 9581
8191 9582
8191 9583
8191 9584
8191 9585
8191 9586
8191 9587
8191 9588
8191 9589
8191 9590
8191 9591
8191 9592
8191 9593
8191 9594
8191 9595
8191 9596
8191 9597
8191 9598
8191 9599
8191 9600
8191 9601
8191 9602
8191 9603
8191 9604
8191 9605
8191 9606
8191 9607
8191 9608
8191 9609
8191 9610
8191 9611
8191 9612
8191 9613
8191 9614
8191 9615
8191 9616
8191 9617
8191 9618
8191 9619
8191 9620
8191 9621
8191 9622
8191 9623
8191 9624
8191 9625
8191 9626
8191 9627
8191 9628
8191 9629
8191 9630
8191 9631
8191 9632
8191 9633
8191 9634
8191 9635
8191 9636
8191 9637
8191 9638
8191 9639
8191 9640
8191 9641
8191 9642
8191 9643
8191 9644
8191 9645
8191 9646
8191 9647
8191 9648
8191 9649
8191 9650
8191 9651
8191 9652
8191 9653
8191 9654
8191 9655
8191 9656
8191 9657
8191 9658
8191 9659
8191 9660
8191 9661
8191 9662
8191 9663
8191 9664
8191 9665
8191 9666
8191 9667
8191 9668
8191 9669
8191 9670
8191 9671
8191 9672
8191 9673
8191 9674
8191 9675
8191 9676
8191 9677
8191 9678
8191 9679
8191 9680
8191 9681
8191 9682
8191 9683
8191 9684
8191 9685
8191 9686
8191 9687
8191 9688
8191 9689
8191 9690
8191 9691
8191 9692
8191 9693
8191 9694
8191 9695
8191 9696
8191 9697
8191 9698
8191 9699
8191 9700
8191 9701
8191 9702
8191 9703
8191 9704
8191 9705
8191 9706
8191 9707
8191 9708
8191 9709
8191 9710
8191 9711
8191 9712
8191 9713
8191 9714
8191 9715
8191 9716
8191 9717
8191 9718
8191 9719
8191 9720
8191 9721
8191 9722
8191 9723
8191 9724
8191 9725
8191 9726
8191 9727
8191 9728
8191 9729
8191 9730
8191 9731
8191 9732
8191 9733
8191 9734
8191 9735
8191 9736
8191 9737
8191 9738
8191 9739
8191 9740
8191 9741
8191 9742
8191 9743
8191 9744
8191 9745
8191 9746
8191 9747
8191 9748
8191 9749
8191 9750
8191 9751
8191 9752
8191 9753
8191 9754
8191 9755
8191 9756
8191 9757
8191 9758
8191 9759
8191 9760
8191 9761
8191 9762
8191 9763
8191 9764
8191 9765
8191 9766
8191 9767
8191 9768
8191 9769
8191 9770
8191 9771
8191 9772
8191 9773
8191 9774
8191 9775
8191 9776
8191 9777
8191 9778
8191 9779
8191 9780
8191 9781
8191 9782
8191 9783
8191 9784
8191 9785
8191 9786
8191 9787
8191 9788
8191 9789
8191 9790
8191 9791
8191 9792
8191 9793
8191 9794
8191 9795
8191 9796
8191 9797
8191 9798
8191 9799
8191 9800
8191 9801
8191 9802
8191 9803
8191 9804
8191 9805
8191 9806
8191 9807
8191 9808
8191 9809
8191 9810
8191 9811
8191 9812
8191 9813
8191 9814
8191 9815
8191 9816
8191 9817
8191 9818
8191 9819
8191 9820
8191 9821
8191 9822
8191 9823
8191 9824
8191 9825
8191 9826
8191 9827
8191 9828
8191 9829
8191 9830
8191 9831
8191 9832
8191 9833
8191 9834
8191 9835
8191 9836
8191 9837
8191 9838
8191 9839
8191 9840
8191 9841
8191 9842
8191 9843
8191 9844
8191 9845
8191 9846
8191 9847
8191 9848
8191 9849
8191 9850
8191 9851
8191 9852
8191 9853
8191 9854
8191 9855
8191 9856
8191 9857
8191 9858
8191 9859
8191 9860
8191 9861
8191 9862
8191 9863
8191 9864
8191 9865
8191 9866
8191 9867
8191 9868
8191 9869
8191 9870
8191 9871
8191 9872
8191 9873
8191 9874
8191 9875
8191 9876
8191 9877
8191 9878
8191 9879
8191 9880
8191 9881
8191 9882
8191 9883
8191 9884
8191 9885
8191 9886
8191 9887
8191 9888
8191 9889
8191 9890
8191 9891
8191 9892
8191 9893
8191 9894
8191 9895
8191 9896
8191 9897
8191 9898
8191 9899
8191 9900
8191 9901
8191 9902
8191 9903
8191 9904
8191 9905
8191 9906
8191 9907
8191 9908
8191 9909
8191 9910
8191 9911
8191 9912
8191 9913
8191 9914
8191 9915
8191 9916
8191 9917
8191 9918
8191 9919
8191 9920
8191 9921
8191 9922
8191 9923
8191 9924
8191 9925
8191 9926
8191 9927
8191 9928
8191 9929
8191 9930
8191 9931
8191 9932
8191 9933
8191 9934
8191 9935
8191 9936
8191 9937
8191 9938
8191 9939
8191 9940
8191 9941
8191 9942
8191 9943
8191 9944
8191 9945
8191 9946
8191 9947
8191 9948
8191 9949
8191 9950
8191 9951
8191 9952
8191 9953
8191 9954
8191 9955
8191 9956
8191 9957
8191 9958
8191 9959
8191 9960
8191 9961
8191 9962
8191 9963
8191 9964
8191 9965
8191 9966
8191 9967
8191 9968
8191 9969
8191 9970
8191 9971
8191 9972
8191 9973
8191 9974
8191 9975
8191 9976
8191 9977
8191 9978
8191 9979
8191 9980
8191 9981
8191 9982
8191 9983
8191 9984
8191 9985
8191 9986
8191 9987
8191 9988
8191 9989
8191 9990
8191 9991
8191 9992
8191 9993
8191 9994
8191 9995
8191 9996
8191 9997
8191 9998
8191 9999
8191 10000
